43056
37043
33095
30669
33140
35957
34890
32096
46407
45871
51242
40191
29256
34912
42527
33196
34257
55706
48784
51687
44381
39725
60173
73439
76477
28335
31736
28069
24966
24198
25772
34476
20544
23208
17687
30167
25901
53851
27839
28771
44405
44764
25823
62965
32550
83408
30180
25525
11125
44679
17714
75211
32542
17414
17307
19211
34039
57476
64946
57040
63715
39018
47385
50626
45339
49834
62787
54734
12618
75024
19939
16674
33357
16903
27755
29266
23350
13784
10736
83477
56608
25308
82450
69569
65244
68116
29711
58771
55287
49161
51804
80491
44369
80912
28623
57907
23064
23315
30690
36410
24938
34356
19963
82375
24016
50334
51672
41821
53806
33056
20014
21949
15720
39803
52252
15762
37390
48713
33703
32623
30545
47167
30057
40777
22295
34162
23067
14192
18985
23196
19060
18559
25673
20002
17448
21526
13846
17173
12346
27792
18122
20866
10600
12537
47245
88151
58800
78276
89854
66243
63901
31511
19496
22884
19653
30496
37544
26548
25192
31242
30725
34127
23386
29001
29149
37103
34658
14269
89638
32202
32101
14982
36314
25318
37267
48445
34975
42185
59539
59146
54966
36368
49987
35351
26847
36385
58377
24836
24528
44233
47866
42230
33992
52445
57221
55614
53831
39254
69956
67830
82134
39781
39867
54446
34316
73997
60716
82755
63371
72960
56809
48730
69199
59485
65402
55236
38206
40919
29863
26052
24704
31215
25600
17385
31870
31286
28888
42162
38096
37336
36008
21986
27729
36215
41435
20938
48586
63292
51950
67154
77735
64205
64916
69227
64379
58450
27432
38064
21761
38706
58694
45788
38187
41486
64369
45908
48619
23027
84376
48185
45752
59414
49548
53014
54440
66734
84021
52136
67762
26710
16347
34926
22390
55313
41300
21091
25777
31065
56123
53302
51324
12835
54400
68603
35884
68684
46752
58337
40466
37084
39757
46347
47368
38720
59956
69866
43611
77279
61062
43844
47093
45486
75879
48574
49417
57885
64898
62277
49693
41377
54986
71625
43425
24674
77381
39971
82827
48037
67896
69745
39147
45763
82467
84890
42203
32125
48389
51362
26009
43670
70044
44773
43288
39148
61394
59269
69463
55116
80657
58835
77789
83663
64956
44350
41133
68757
46184
86657
35379
52938
65373
46691
32190
36159
63077
55913
62660
49651
55127
50172
47180
19179
37705
42850
48241
41018
36529
18308
18074
24872
32019
41592
64083
74379
21532
61530
34842
38022
36164
64681
17968
44448
26278
63056
52638
39898
76599
37900
26147
25239
35062
28941
25815
30732
28027
35938
34005
28871
23691
65877
26924
40969
67480
27074
35905
49943
47917
35368
39995
38315
41954
13503
10977
51098
89280
60862
63629
64084
36223
43249
61186
58872
57290
37351
70516
27765
62178
80061
18019
25608
22092
27314
58343
19777
31006
61710
25741
31378
30911
37647
50799
27311
34097
54985
45270
41587
57984
23020
48053
67583
30418
71046
54675
35782
62490
29363
54723
72776
43982
43855
33621
31128
33955
31187
26332
19429
19373
24797
19414
14683
16568
12970
83499
65627
70235
58356
47822
48901
71885
57775
51263
57783
67858
34725
21705
30935
21758
20242
21536
33483
17750
15668
13760
24458
30949
24563
20292
17169
14110
17813
26246
16805
19227
17906
29657
23760
22234
28823
50415
77025
33848
49870
36253
61029
23228
64368
57781
67895
79110
60689
26578
21188
42730
