169,3,0,0,0,0,0,0,0,0,0,0,0,0,0,0
19,266,0,0,0,0,0,0,0,0,0,0,0,0,0,0
122,38,0,0,0,0,0,0,0,0,0,0,0,0,0,0
30,196,0,0,0,0,0,0,0,0,0,0,0,0,0,0
8,61,0,0,0,0,0,0,0,0,0,0,0,0,0,0
143,242,0,0,0,0,0,0,0,0,0,0,0,0,0,0
191,0,0,0,0,0,0,0,0,0,0,0,0,0,0,0
209,0,0,0,0,0,0,0,0,0,0,0,0,0,0,0
18,0,0,0,0,0,0,0,0,0,0,0,0,0,0,0
275,0,0,0,0,0,0,0,0,0,0,0,0,0,0,0
13,0,0,0,0,0,0,0,0,0,0,0,0,0,0,0
3,1,142,140,0,0,0,0,0,0,0,0,0,0,0,0
280,49,54,212,0,0,0,0,0,0,0,0,0,0,0,0
308,237,0,0,0,0,0,0,0,0,0,0,0,0,0,0
85,84,81,0,0,0,0,0,0,0,0,0,0,0,0,0
322,319,178,0,0,0,0,0,0,0,0,0,0,0,0,0
39,235,234,0,0,0,0,0,0,0,0,0,0,0,0,0
19,295,0,0,0,0,0,0,0,0,0,0,0,0,0,0
15,0,0,0,0,0,0,0,0,0,0,0,0,0,0,0
217,0,0,0,0,0,0,0,0,0,0,0,0,0,0,0
17,197,206,0,0,0,0,0,0,0,0,0,0,0,0,0
265,90,88,0,0,0,0,0,0,0,0,0,0,0,0,0
137,110,0,0,0,0,0,0,0,0,0,0,0,0,0,0
304,0,0,0,0,0,0,0,0,0,0,0,0,0,0,0
78,0,0,0,0,0,0,0,0,0,0,0,0,0,0,0
276,116,0,0,0,0,0,0,0,0,0,0,0,0,0,0
29,73,2,0,0,0,0,0,0,0,0,0,0,0,0,0
92,0,0,0,0,0,0,0,0,0,0,0,0,0,0,0
120,265,122,0,0,0,0,0,0,0,0,0,0,0,0,0
81,0,0,0,0,0,0,0,0,0,0,0,0,0,0,0
249,55,0,0,0,0,0,0,0,0,0,0,0,0,0,0
263,0,0,0,0,0,0,0,0,0,0,0,0,0,0,0
301,294,296,42,39,45,0,0,0,0,0,0,0,0,0,0
97,197,112,0,0,0,0,0,0,0,0,0,0,0,0,0
238,7,0,0,0,0,0,0,0,0,0,0,0,0,0,0
154,0,0,0,0,0,0,0,0,0,0,0,0,0,0,0
28,14,130,126,0,0,0,0,0,0,0,0,0,0,0,0
286,0,0,0,0,0,0,0,0,0,0,0,0,0,0,0
115,0,0,0,0,0,0,0,0,0,0,0,0,0,0,0
125,99,11,0,0,0,0,0,0,0,0,0,0,0,0,0
15,49,53,0,0,0,0,0,0,0,0,0,0,0,0,0
30,216,0,0,0,0,0,0,0,0,0,0,0,0,0,0
304,139,152,0,0,0,0,0,0,0,0,0,0,0,0,0
326,0,0,0,0,0,0,0,0,0,0,0,0,0,0,0
270,86,84,80,0,0,0,0,0,0,0,0,0,0,0,0
174,0,0,0,0,0,0,0,0,0,0,0,0,0,0,0
177,0,0,0,0,0,0,0,0,0,0,0,0,0,0,0
292,0,0,0,0,0,0,0,0,0,0,0,0,0,0,0
157,0,0,0,0,0,0,0,0,0,0,0,0,0,0,0
7,0,0,0,0,0,0,0,0,0,0,0,0,0,0,0
295,0,0,0,0,0,0,0,0,0,0,0,0,0,0,0
31,56,0,0,0,0,0,0,0,0,0,0,0,0,0,0
116,0,0,0,0,0,0,0,0,0,0,0,0,0,0,0
212,0,0,0,0,0,0,0,0,0,0,0,0,0,0,0
254,0,0,0,0,0,0,0,0,0,0,0,0,0,0,0
20,0,0,0,0,0,0,0,0,0,0,0,0,0,0,0
224,171,0,0,0,0,0,0,0,0,0,0,0,0,0,0
108,0,0,0,0,0,0,0,0,0,0,0,0,0,0,0
232,0,0,0,0,0,0,0,0,0,0,0,0,0,0,0
197,0,0,0,0,0,0,0,0,0,0,0,0,0,0,0
261,142,0,0,0,0,0,0,0,0,0,0,0,0,0,0
248,199,0,0,0,0,0,0,0,0,0,0,0,0,0,0
54,0,0,0,0,0,0,0,0,0,0,0,0,0,0,0
321,233,0,0,0,0,0,0,0,0,0,0,0,0,0,0
300,202,0,0,0,0,0,0,0,0,0,0,0,0,0,0
137,89,91,0,0,0,0,0,0,0,0,0,0,0,0,0
267,0,0,0,0,0,0,0,0,0,0,0,0,0,0,0
31,0,0,0,0,0,0,0,0,0,0,0,0,0,0,0
324,106,0,0,0,0,0,0,0,0,0,0,0,0,0,0
14,0,0,0,0,0,0,0,0,0,0,0,0,0,0,0
102,0,0,0,0,0,0,0,0,0,0,0,0,0,0,0
201,0,0,0,0,0,0,0,0,0,0,0,0,0,0,0
11,0,0,0,0,0,0,0,0,0,0,0,0,0,0,0
57,297,0,0,0,0,0,0,0,0,0,0,0,0,0,0
194,0,0,0,0,0,0,0,0,0,0,0,0,0,0,0
300,0,0,0,0,0,0,0,0,0,0,0,0,0,0,0
155,51,47,0,0,0,0,0,0,0,0,0,0,0,0,0
80,0,0,0,0,0,0,0,0,0,0,0,0,0,0,0
170,0,0,0,0,0,0,0,0,0,0,0,0,0,0,0
171,176,0,0,0,0,0,0,0,0,0,0,0,0,0,0
247,276,0,0,0,0,0,0,0,0,0,0,0,0,0,0
293,4,219,222,0,0,0,0,0,0,0,0,0,0,0,0
11,0,0,0,0,0,0,0,0,0,0,0,0,0,0,0
167,0,0,0,0,0,0,0,0,0,0,0,0,0,0,0
59,0,0,0,0,0,0,0,0,0,0,0,0,0,0,0
265,0,0,0,0,0,0,0,0,0,0,0,0,0,0,0
202,81,0,0,0,0,0,0,0,0,0,0,0,0,0,0
129,0,0,0,0,0,0,0,0,0,0,0,0,0,0,0
145,0,0,0,0,0,0,0,0,0,0,0,0,0,0,0
220,45,0,0,0,0,0,0,0,0,0,0,0,0,0,0
237,0,0,0,0,0,0,0,0,0,0,0,0,0,0,0
15,0,0,0,0,0,0,0,0,0,0,0,0,0,0,0
254,0,0,0,0,0,0,0,0,0,0,0,0,0,0,0
286,0,0,0,0,0,0,0,0,0,0,0,0,0,0,0
166,0,0,0,0,0,0,0,0,0,0,0,0,0,0,0
91,0,0,0,0,0,0,0,0,0,0,0,0,0,0,0
16,64,0,0,0,0,0,0,0,0,0,0,0,0,0,0
30,288,174,178,287,0,0,0,0,0,0,0,0,0,0,0
251,249,0,0,0,0,0,0,0,0,0,0,0,0,0,0
169,0,0,0,0,0,0,0,0,0,0,0,0,0,0,0
189,0,0,0,0,0,0,0,0,0,0,0,0,0,0,0
11,0,0,0,0,0,0,0,0,0,0,0,0,0,0,0
132,0,0,0,0,0,0,0,0,0,0,0,0,0,0,0
44,0,0,0,0,0,0,0,0,0,0,0,0,0,0,0
102,173,62,42,172,45,168,0,0,0,0,0,0,0,0,0
145,0,0,0,0,0,0,0,0,0,0,0,0,0,0,0
242,275,214,0,0,0,0,0,0,0,0,0,0,0,0,0
162,0,0,0,0,0,0,0,0,0,0,0,0,0,0,0
192,0,0,0,0,0,0,0,0,0,0,0,0,0,0,0
113,90,0,0,0,0,0,0,0,0,0,0,0,0,0,0
240,246,0,0,0,0,0,0,0,0,0,0,0,0,0,0
61,135,0,0,0,0,0,0,0,0,0,0,0,0,0,0
165,221,218,222,0,0,0,0,0,0,0,0,0,0,0,0
193,304,110,192,0,0,0,0,0,0,0,0,0,0,0,0
256,14,0,0,0,0,0,0,0,0,0,0,0,0,0,0
125,270,119,0,0,0,0,0,0,0,0,0,0,0,0,0
11,6,0,0,0,0,0,0,0,0,0,0,0,0,0,0
249,107,0,0,0,0,0,0,0,0,0,0,0,0,0,0
295,36,0,0,0,0,0,0,0,0,0,0,0,0,0,0
129,143,0,0,0,0,0,0,0,0,0,0,0,0,0,0
190,118,97,0,0,0,0,0,0,0,0,0,0,0,0,0
45,48,0,0,0,0,0,0,0,0,0,0,0,0,0,0
218,296,0,0,0,0,0,0,0,0,0,0,0,0,0,0
85,0,0,0,0,0,0,0,0,0,0,0,0,0,0,0
192,277,0,0,0,0,0,0,0,0,0,0,0,0,0,0
242,0,0,0,0,0,0,0,0,0,0,0,0,0,0,0
51,0,0,0,0,0,0,0,0,0,0,0,0,0,0,0
127,18,21,0,0,0,0,0,0,0,0,0,0,0,0,0
175,0,0,0,0,0,0,0,0,0,0,0,0,0,0,0
113,182,101,0,0,0,0,0,0,0,0,0,0,0,0,0
19,0,0,0,0,0,0,0,0,0,0,0,0,0,0,0
237,0,0,0,0,0,0,0,0,0,0,0,0,0,0,0
135,121,197,0,0,0,0,0,0,0,0,0,0,0,0,0
3,0,0,0,0,0,0,0,0,0,0,0,0,0,0,0
177,0,0,0,0,0,0,0,0,0,0,0,0,0,0,0
300,115,106,0,0,0,0,0,0,0,0,0,0,0,0,0
192,78,0,0,0,0,0,0,0,0,0,0,0,0,0,0
68,0,0,0,0,0,0,0,0,0,0,0,0,0,0,0
218,0,0,0,0,0,0,0,0,0,0,0,0,0,0,0
166,0,0,0,0,0,0,0,0,0,0,0,0,0,0,0
118,0,0,0,0,0,0,0,0,0,0,0,0,0,0,0
58,0,0,0,0,0,0,0,0,0,0,0,0,0,0,0
89,0,0,0,0,0,0,0,0,0,0,0,0,0,0,0
141,0,0,0,0,0,0,0,0,0,0,0,0,0,0,0
23,277,270,279,0,0,0,0,0,0,0,0,0,0,0,0
260,0,0,0,0,0,0,0,0,0,0,0,0,0,0,0
92,0,0,0,0,0,0,0,0,0,0,0,0,0,0,0
43,0,0,0,0,0,0,0,0,0,0,0,0,0,0,0
48,0,0,0,0,0,0,0,0,0,0,0,0,0,0,0
170,168,181,0,0,0,0,0,0,0,0,0,0,0,0,0
179,0,0,0,0,0,0,0,0,0,0,0,0,0,0,0
290,0,0,0,0,0,0,0,0,0,0,0,0,0,0,0
217,49,50,53,0,0,0,0,0,0,0,0,0,0,0,0
241,0,0,0,0,0,0,0,0,0,0,0,0,0,0,0
197,0,0,0,0,0,0,0,0,0,0,0,0,0,0,0
10,179,0,0,0,0,0,0,0,0,0,0,0,0,0,0
167,40,0,0,0,0,0,0,0,0,0,0,0,0,0,0
324,0,0,0,0,0,0,0,0,0,0,0,0,0,0,0
255,0,0,0,0,0,0,0,0,0,0,0,0,0,0,0
203,126,0,0,0,0,0,0,0,0,0,0,0,0,0,0
111,0,0,0,0,0,0,0,0,0,0,0,0,0,0,0
221,0,0,0,0,0,0,0,0,0,0,0,0,0,0,0
52,0,0,0,0,0,0,0,0,0,0,0,0,0,0,0
23,0,0,0,0,0,0,0,0,0,0,0,0,0,0,0
93,232,89,257,0,0,0,0,0,0,0,0,0,0,0,0
201,237,0,0,0,0,0,0,0,0,0,0,0,0,0,0
219,17,0,0,0,0,0,0,0,0,0,0,0,0,0,0
148,0,0,0,0,0,0,0,0,0,0,0,0,0,0,0
308,0,0,0,0,0,0,0,0,0,0,0,0,0,0,0
209,0,0,0,0,0,0,0,0,0,0,0,0,0,0,0
322,167,203,326,0,0,0,0,0,0,0,0,0,0,0,0
183,10,191,7,14,70,0,0,0,0,0,0,0,0,0,0
60,221,0,0,0,0,0,0,0,0,0,0,0,0,0,0
202,0,0,0,0,0,0,0,0,0,0,0,0,0,0,0
143,111,0,0,0,0,0,0,0,0,0,0,0,0,0,0
26,21,0,0,0,0,0,0,0,0,0,0,0,0,0,0
19,22,178,0,0,0,0,0,0,0,0,0,0,0,0,0
190,126,0,0,0,0,0,0,0,0,0,0,0,0,0,0
85,247,0,0,0,0,0,0,0,0,0,0,0,0,0,0
3,299,0,0,0,0,0,0,0,0,0,0,0,0,0,0
116,0,0,0,0,0,0,0,0,0,0,0,0,0,0,0
10,253,0,0,0,0,0,0,0,0,0,0,0,0,0,0
196,43,0,0,0,0,0,0,0,0,0,0,0,0,0,0
63,0,0,0,0,0,0,0,0,0,0,0,0,0,0,0
242,222,0,0,0,0,0,0,0,0,0,0,0,0,0,0
279,0,0,0,0,0,0,0,0,0,0,0,0,0,0,0
55,0,0,0,0,0,0,0,0,0,0,0,0,0,0,0
231,119,0,0,0,0,0,0,0,0,0,0,0,0,0,0
195,0,0,0,0,0,0,0,0,0,0,0,0,0,0,0
212,0,0,0,0,0,0,0,0,0,0,0,0,0,0,0
280,0,0,0,0,0,0,0,0,0,0,0,0,0,0,0
255,0,0,0,0,0,0,0,0,0,0,0,0,0,0,0
28,175,0,0,0,0,0,0,0,0,0,0,0,0,0,0
128,0,0,0,0,0,0,0,0,0,0,0,0,0,0,0
111,0,0,0,0,0,0,0,0,0,0,0,0,0,0,0
5,253,0,0,0,0,0,0,0,0,0,0,0,0,0,0
325,0,0,0,0,0,0,0,0,0,0,0,0,0,0,0
289,0,0,0,0,0,0,0,0,0,0,0,0,0,0,0
264,0,0,0,0,0,0,0,0,0,0,0,0,0,0,0
200,0,0,0,0,0,0,0,0,0,0,0,0,0,0,0
297,162,0,0,0,0,0,0,0,0,0,0,0,0,0,0
173,0,0,0,0,0,0,0,0,0,0,0,0,0,0,0
293,89,251,274,0,0,0,0,0,0,0,0,0,0,0,0
70,0,0,0,0,0,0,0,0,0,0,0,0,0,0,0
31,24,0,0,0,0,0,0,0,0,0,0,0,0,0,0
231,0,0,0,0,0,0,0,0,0,0,0,0,0,0,0
52,0,0,0,0,0,0,0,0,0,0,0,0,0,0,0
302,0,0,0,0,0,0,0,0,0,0,0,0,0,0,0
183,180,173,0,0,0,0,0,0,0,0,0,0,0,0,0
208,0,0,0,0,0,0,0,0,0,0,0,0,0,0,0
135,0,0,0,0,0,0,0,0,0,0,0,0,0,0,0
82,118,0,0,0,0,0,0,0,0,0,0,0,0,0,0
112,0,0,0,0,0,0,0,0,0,0,0,0,0,0,0
306,0,0,0,0,0,0,0,0,0,0,0,0,0,0,0
264,0,0,0,0,0,0,0,0,0,0,0,0,0,0,0
246,161,157,154,0,0,0,0,0,0,0,0,0,0,0,0
117,0,0,0,0,0,0,0,0,0,0,0,0,0,0,0
271,0,0,0,0,0,0,0,0,0,0,0,0,0,0,0
44,0,0,0,0,0,0,0,0,0,0,0,0,0,0,0
106,0,0,0,0,0,0,0,0,0,0,0,0,0,0,0
302,0,0,0,0,0,0,0,0,0,0,0,0,0,0,0
29,0,0,0,0,0,0,0,0,0,0,0,0,0,0,0
176,170,0,0,0,0,0,0,0,0,0,0,0,0,0,0
200,24,273,30,270,20,298,33,201,0,0,0,0,0,0,0
157,233,0,0,0,0,0,0,0,0,0,0,0,0,0,0
183,150,0,0,0,0,0,0,0,0,0,0,0,0,0,0
3,224,98,0,0,0,0,0,0,0,0,0,0,0,0,0
75,0,0,0,0,0,0,0,0,0,0,0,0,0,0,0
258,17,0,0,0,0,0,0,0,0,0,0,0,0,0,0
50,126,0,0,0,0,0,0,0,0,0,0,0,0,0,0
193,0,0,0,0,0,0,0,0,0,0,0,0,0,0,0
137,0,0,0,0,0,0,0,0,0,0,0,0,0,0,0
280,0,0,0,0,0,0,0,0,0,0,0,0,0,0,0
93,92,0,0,0,0,0,0,0,0,0,0,0,0,0,0
13,120,0,0,0,0,0,0,0,0,0,0,0,0,0,0
33,174,0,0,0,0,0,0,0,0,0,0,0,0,0,0
256,255,0,0,0,0,0,0,0,0,0,0,0,0,0,0
261,0,0,0,0,0,0,0,0,0,0,0,0,0,0,0
193,84,82,0,0,0,0,0,0,0,0,0,0,0,0,0
109,124,117,0,0,0,0,0,0,0,0,0,0,0,0,0
10,0,0,0,0,0,0,0,0,0,0,0,0,0,0,0
140,0,0,0,0,0,0,0,0,0,0,0,0,0,0,0
53,0,0,0,0,0,0,0,0,0,0,0,0,0,0,0
60,319,181,0,0,0,0,0,0,0,0,0,0,0,0,0
146,262,240,0,0,0,0,0,0,0,0,0,0,0,0,0
273,0,0,0,0,0,0,0,0,0,0,0,0,0,0,0
197,126,0,0,0,0,0,0,0,0,0,0,0,0,0,0
262,0,0,0,0,0,0,0,0,0,0,0,0,0,0,0
14,0,0,0,0,0,0,0,0,0,0,0,0,0,0,0
3,158,0,0,0,0,0,0,0,0,0,0,0,0,0,0
55,0,0,0,0,0,0,0,0,0,0,0,0,0,0,0
235,0,0,0,0,0,0,0,0,0,0,0,0,0,0,0
269,249,0,0,0,0,0,0,0,0,0,0,0,0,0,0
179,304,0,0,0,0,0,0,0,0,0,0,0,0,0,0
293,63,0,0,0,0,0,0,0,0,0,0,0,0,0,0
275,277,118,0,0,0,0,0,0,0,0,0,0,0,0,0
300,0,0,0,0,0,0,0,0,0,0,0,0,0,0,0
280,273,0,0,0,0,0,0,0,0,0,0,0,0,0,0
126,162,0,0,0,0,0,0,0,0,0,0,0,0,0,0
229,0,0,0,0,0,0,0,0,0,0,0,0,0,0,0
201,0,0,0,0,0,0,0,0,0,0,0,0,0,0,0
136,0,0,0,0,0,0,0,0,0,0,0,0,0,0,0
39,183,0,0,0,0,0,0,0,0,0,0,0,0,0,0
203,0,0,0,0,0,0,0,0,0,0,0,0,0,0,0
50,0,0,0,0,0,0,0,0,0,0,0,0,0,0,0
147,0,0,0,0,0,0,0,0,0,0,0,0,0,0,0
182,0,0,0,0,0,0,0,0,0,0,0,0,0,0,0
286,218,220,0,0,0,0,0,0,0,0,0,0,0,0,0
246,0,0,0,0,0,0,0,0,0,0,0,0,0,0,0
294,200,302,0,0,0,0,0,0,0,0,0,0,0,0,0
259,326,322,217,0,0,0,0,0,0,0,0,0,0,0,0
130,296,0,0,0,0,0,0,0,0,0,0,0,0,0,0
209,12,182,188,213,0,0,0,0,0,0,0,0,0,0,0
91,0,0,0,0,0,0,0,0,0,0,0,0,0,0,0
246,0,0,0,0,0,0,0,0,0,0,0,0,0,0,0
267,30,265,0,0,0,0,0,0,0,0,0,0,0,0,0
232,16,0,0,0,0,0,0,0,0,0,0,0,0,0,0
303,165,0,0,0,0,0,0,0,0,0,0,0,0,0,0
142,299,0,0,0,0,0,0,0,0,0,0,0,0,0,0
45,170,0,0,0,0,0,0,0,0,0,0,0,0,0,0
261,0,0,0,0,0,0,0,0,0,0,0,0,0,0,0
7,308,193,0,0,0,0,0,0,0,0,0,0,0,0,0
44,287,134,221,0,0,0,0,0,0,0,0,0,0,0,0
65,0,0,0,0,0,0,0,0,0,0,0,0,0,0,0
285,170,167,101,288,273,0,0,0,0,0,0,0,0,0,0
152,0,0,0,0,0,0,0,0,0,0,0,0,0,0,0
129,25,289,0,0,0,0,0,0,0,0,0,0,0,0,0
51,0,0,0,0,0,0,0,0,0,0,0,0,0,0,0
266,267,151,246,0,0,0,0,0,0,0,0,0,0,0,0
211,224,196,3,10,0,0,0,0,0,0,0,0,0,0,0
202,293,301,0,0,0,0,0,0,0,0,0,0,0,0,0
39,0,0,0,0,0,0,0,0,0,0,0,0,0,0,0
32,305,304,0,0,0,0,0,0,0,0,0,0,0,0,0
231,255,234,0,0,0,0,0,0,0,0,0,0,0,0,0
180,54,53,50,110,0,0,0,0,0,0,0,0,0,0,0
70,0,0,0,0,0,0,0,0,0,0,0,0,0,0,0
80,83,0,0,0,0,0,0,0,0,0,0,0,0,0,0
7,0,0,0,0,0,0,0,0,0,0,0,0,0,0,0
26,0,0,0,0,0,0,0,0,0,0,0,0,0,0,0
288,167,0,0,0,0,0,0,0,0,0,0,0,0,0,0
150,112,0,0,0,0,0,0,0,0,0,0,0,0,0,0
286,166,0,0,0,0,0,0,0,0,0,0,0,0,0,0
280,0,0,0,0,0,0,0,0,0,0,0,0,0,0,0
108,187,188,0,0,0,0,0,0,0,0,0,0,0,0,0
293,219,222,0,0,0,0,0,0,0,0,0,0,0,0,0
307,0,0,0,0,0,0,0,0,0,0,0,0,0,0,0
180,0,0,0,0,0,0,0,0,0,0,0,0,0,0,0
145,0,0,0,0,0,0,0,0,0,0,0,0,0,0,0
196,0,0,0,0,0,0,0,0,0,0,0,0,0,0,0
63,192,67,0,0,0,0,0,0,0,0,0,0,0,0,0
319,0,0,0,0,0,0,0,0,0,0,0,0,0,0,0
235,46,0,0,0,0,0,0,0,0,0,0,0,0,0,0
220,269,0,0,0,0,0,0,0,0,0,0,0,0,0,0
139,0,0,0,0,0,0,0,0,0,0,0,0,0,0,0
46,0,0,0,0,0,0,0,0,0,0,0,0,0,0,0
70,0,0,0,0,0,0,0,0,0,0,0,0,0,0,0
275,0,0,0,0,0,0,0,0,0,0,0,0,0,0,0
242,0,0,0,0,0,0,0,0,0,0,0,0,0,0,0
290,0,0,0,0,0,0,0,0,0,0,0,0,0,0,0
132,0,0,0,0,0,0,0,0,0,0,0,0,0,0,0
18,174,0,0,0,0,0,0,0,0,0,0,0,0,0,0
104,194,0,0,0,0,0,0,0,0,0,0,0,0,0,0
276,0,0,0,0,0,0,0,0,0,0,0,0,0,0,0
247,0,0,0,0,0,0,0,0,0,0,0,0,0,0,0
50,307,0,0,0,0,0,0,0,0,0,0,0,0,0,0
8,262,0,0,0,0,0,0,0,0,0,0,0,0,0,0
295,0,0,0,0,0,0,0,0,0,0,0,0,0,0,0
15,186,176,0,0,0,0,0,0,0,0,0,0,0,0,0
121,62,84,0,0,0,0,0,0,0,0,0,0,0,0,0
170,0,0,0,0,0,0,0,0,0,0,0,0,0,0,0
234,0,0,0,0,0,0,0,0,0,0,0,0,0,0,0
301,0,0,0,0,0,0,0,0,0,0,0,0,0,0,0
213,202,0,0,0,0,0,0,0,0,0,0,0,0,0,0
42,0,0,0,0,0,0,0,0,0,0,0,0,0,0,0
54,52,51,0,0,0,0,0,0,0,0,0,0,0,0,0
144,219,216,218,0,0,0,0,0,0,0,0,0,0,0,0
112,0,0,0,0,0,0,0,0,0,0,0,0,0,0,0
158,261,0,0,0,0,0,0,0,0,0,0,0,0,0,0
84,7,0,0,0,0,0,0,0,0,0,0,0,0,0,0
148,0,0,0,0,0,0,0,0,0,0,0,0,0,0,0
322,0,0,0,0,0,0,0,0,0,0,0,0,0,0,0
106,0,0,0,0,0,0,0,0,0,0,0,0,0,0,0
25,21,0,0,0,0,0,0,0,0,0,0,0,0,0,0
265,0,0,0,0,0,0,0,0,0,0,0,0,0,0,0
297,173,0,0,0,0,0,0,0,0,0,0,0,0,0,0
240,0,0,0,0,0,0,0,0,0,0,0,0,0,0,0
76,0,0,0,0,0,0,0,0,0,0,0,0,0,0,0
298,0,0,0,0,0,0,0,0,0,0,0,0,0,0,0
44,136,15,9,0,0,0,0,0,0,0,0,0,0,0,0
276,36,41,0,0,0,0,0,0,0,0,0,0,0,0,0
133,0,0,0,0,0,0,0,0,0,0,0,0,0,0,0
242,0,0,0,0,0,0,0,0,0,0,0,0,0,0,0
192,297,305,169,0,0,0,0,0,0,0,0,0,0,0,0
47,292,114,0,0,0,0,0,0,0,0,0,0,0,0,0
87,0,0,0,0,0,0,0,0,0,0,0,0,0,0,0
232,0,0,0,0,0,0,0,0,0,0,0,0,0,0,0
20,202,201,0,0,0,0,0,0,0,0,0,0,0,0,0
220,144,0,0,0,0,0,0,0,0,0,0,0,0,0,0
29,19,0,0,0,0,0,0,0,0,0,0,0,0,0,0
16,28,0,0,0,0,0,0,0,0,0,0,0,0,0,0
274,0,0,0,0,0,0,0,0,0,0,0,0,0,0,0
4,169,0,0,0,0,0,0,0,0,0,0,0,0,0,0
118,0,0,0,0,0,0,0,0,0,0,0,0,0,0,0
220,10,0,0,0,0,0,0,0,0,0,0,0,0,0,0
237,45,0,0,0,0,0,0,0,0,0,0,0,0,0,0
74,0,0,0,0,0,0,0,0,0,0,0,0,0,0,0
183,174,19,0,0,0,0,0,0,0,0,0,0,0,0,0
18,0,0,0,0,0,0,0,0,0,0,0,0,0,0,0
233,231,0,0,0,0,0,0,0,0,0,0,0,0,0,0
221,217,0,0,0,0,0,0,0,0,0,0,0,0,0,0
202,0,0,0,0,0,0,0,0,0,0,0,0,0,0,0
181,218,222,0,0,0,0,0,0,0,0,0,0,0,0,0
28,105,99,0,0,0,0,0,0,0,0,0,0,0,0,0
240,12,0,0,0,0,0,0,0,0,0,0,0,0,0,0
100,101,194,115,167,0,0,0,0,0,0,0,0,0,0,0
274,0,0,0,0,0,0,0,0,0,0,0,0,0,0,0
2,125,124,119,0,0,0,0,0,0,0,0,0,0,0,0
150,319,141,326,0,0,0,0,0,0,0,0,0,0,0,0
112,149,0,0,0,0,0,0,0,0,0,0,0,0,0,0
286,111,0,0,0,0,0,0,0,0,0,0,0,0,0,0
179,172,199,201,293,0,0,0,0,0,0,0,0,0,0,0
38,40,0,0,0,0,0,0,0,0,0,0,0,0,0,0
47,155,0,0,0,0,0,0,0,0,0,0,0,0,0,0
235,0,0,0,0,0,0,0,0,0,0,0,0,0,0,0
40,0,0,0,0,0,0,0,0,0,0,0,0,0,0,0
158,155,3,0,0,0,0,0,0,0,0,0,0,0,0,0
192,0,0,0,0,0,0,0,0,0,0,0,0,0,0,0
62,187,183,190,0,0,0,0,0,0,0,0,0,0,0,0
82,238,237,0,0,0,0,0,0,0,0,0,0,0,0,0
114,139,294,0,0,0,0,0,0,0,0,0,0,0,0,0
47,0,0,0,0,0,0,0,0,0,0,0,0,0,0,0
50,178,174,0,0,0,0,0,0,0,0,0,0,0,0,0
257,221,213,0,0,0,0,0,0,0,0,0,0,0,0,0
12,31,30,0,0,0,0,0,0,0,0,0,0,0,0,0
288,285,0,0,0,0,0,0,0,0,0,0,0,0,0,0
45,0,0,0,0,0,0,0,0,0,0,0,0,0,0,0
34,0,0,0,0,0,0,0,0,0,0,0,0,0,0,0
26,2,18,166,0,0,0,0,0,0,0,0,0,0,0,0
319,0,0,0,0,0,0,0,0,0,0,0,0,0,0,0
30,0,0,0,0,0,0,0,0,0,0,0,0,0,0,0
222,187,298,287,18,22,220,193,293,0,0,0,0,0,0,0
201,267,0,0,0,0,0,0,0,0,0,0,0,0,0,0
260,0,0,0,0,0,0,0,0,0,0,0,0,0,0,0
161,221,247,0,0,0,0,0,0,0,0,0,0,0,0,0
40,0,0,0,0,0,0,0,0,0,0,0,0,0,0,0
7,13,0,0,0,0,0,0,0,0,0,0,0,0,0,0
173,0,0,0,0,0,0,0,0,0,0,0,0,0,0,0
182,0,0,0,0,0,0,0,0,0,0,0,0,0,0,0
238,55,53,45,0,0,0,0,0,0,0,0,0,0,0,0
170,126,0,0,0,0,0,0,0,0,0,0,0,0,0,0
306,304,0,0,0,0,0,0,0,0,0,0,0,0,0,0
64,102,0,0,0,0,0,0,0,0,0,0,0,0,0,0
85,86,201,199,0,0,0,0,0,0,0,0,0,0,0,0
249,120,0,0,0,0,0,0,0,0,0,0,0,0,0,0
284,0,0,0,0,0,0,0,0,0,0,0,0,0,0,0
203,0,0,0,0,0,0,0,0,0,0,0,0,0,0,0
211,0,0,0,0,0,0,0,0,0,0,0,0,0,0,0
40,0,0,0,0,0,0,0,0,0,0,0,0,0,0,0
157,0,0,0,0,0,0,0,0,0,0,0,0,0,0,0
46,0,0,0,0,0,0,0,0,0,0,0,0,0,0,0
202,0,0,0,0,0,0,0,0,0,0,0,0,0,0,0
165,0,0,0,0,0,0,0,0,0,0,0,0,0,0,0
145,54,52,0,0,0,0,0,0,0,0,0,0,0,0,0
249,0,0,0,0,0,0,0,0,0,0,0,0,0,0,0
17,0,0,0,0,0,0,0,0,0,0,0,0,0,0,0
64,0,0,0,0,0,0,0,0,0,0,0,0,0,0,0
180,115,0,0,0,0,0,0,0,0,0,0,0,0,0,0
158,0,0,0,0,0,0,0,0,0,0,0,0,0,0,0
208,0,0,0,0,0,0,0,0,0,0,0,0,0,0,0
49,240,0,0,0,0,0,0,0,0,0,0,0,0,0,0
4,0,0,0,0,0,0,0,0,0,0,0,0,0,0,0
184,0,0,0,0,0,0,0,0,0,0,0,0,0,0,0
80,271,0,0,0,0,0,0,0,0,0,0,0,0,0,0
265,167,173,0,0,0,0,0,0,0,0,0,0,0,0,0
248,136,0,0,0,0,0,0,0,0,0,0,0,0,0,0
152,0,0,0,0,0,0,0,0,0,0,0,0,0,0,0
109,0,0,0,0,0,0,0,0,0,0,0,0,0,0,0
36,0,0,0,0,0,0,0,0,0,0,0,0,0,0,0
213,0,0,0,0,0,0,0,0,0,0,0,0,0,0,0
140,260,0,0,0,0,0,0,0,0,0,0,0,0,0,0
26,0,0,0,0,0,0,0,0,0,0,0,0,0,0,0
178,117,0,0,0,0,0,0,0,0,0,0,0,0,0,0
15,0,0,0,0,0,0,0,0,0,0,0,0,0,0,0
127,0,0,0,0,0,0,0,0,0,0,0,0,0,0,0
187,0,0,0,0,0,0,0,0,0,0,0,0,0,0,0
116,55,0,0,0,0,0,0,0,0,0,0,0,0,0,0
254,235,0,0,0,0,0,0,0,0,0,0,0,0,0,0
104,113,115,112,0,0,0,0,0,0,0,0,0,0,0,0
176,172,0,0,0,0,0,0,0,0,0,0,0,0,0,0
295,0,0,0,0,0,0,0,0,0,0,0,0,0,0,0
38,92,155,154,0,0,0,0,0,0,0,0,0,0,0,0
287,275,277,0,0,0,0,0,0,0,0,0,0,0,0,0
146,34,0,0,0,0,0,0,0,0,0,0,0,0,0,0
66,27,152,0,0,0,0,0,0,0,0,0,0,0,0,0
17,0,0,0,0,0,0,0,0,0,0,0,0,0,0,0
33,168,28,32,0,0,0,0,0,0,0,0,0,0,0,0
218,297,0,0,0,0,0,0,0,0,0,0,0,0,0,0
213,0,0,0,0,0,0,0,0,0,0,0,0,0,0,0
80,199,0,0,0,0,0,0,0,0,0,0,0,0,0,0
234,0,0,0,0,0,0,0,0,0,0,0,0,0,0,0
51,54,0,0,0,0,0,0,0,0,0,0,0,0,0,0
203,197,0,0,0,0,0,0,0,0,0,0,0,0,0,0
220,0,0,0,0,0,0,0,0,0,0,0,0,0,0,0
45,25,0,0,0,0,0,0,0,0,0,0,0,0,0,0
97,0,0,0,0,0,0,0,0,0,0,0,0,0,0,0
140,109,0,0,0,0,0,0,0,0,0,0,0,0,0,0
93,0,0,0,0,0,0,0,0,0,0,0,0,0,0,0
3,0,0,0,0,0,0,0,0,0,0,0,0,0,0,0
292,0,0,0,0,0,0,0,0,0,0,0,0,0,0,0
300,213,0,0,0,0,0,0,0,0,0,0,0,0,0,0
187,44,0,0,0,0,0,0,0,0,0,0,0,0,0,0
12,175,0,0,0,0,0,0,0,0,0,0,0,0,0,0
145,0,0,0,0,0,0,0,0,0,0,0,0,0,0,0
193,0,0,0,0,0,0,0,0,0,0,0,0,0,0,0
271,0,0,0,0,0,0,0,0,0,0,0,0,0,0,0
267,0,0,0,0,0,0,0,0,0,0,0,0,0,0,0
40,0,0,0,0,0,0,0,0,0,0,0,0,0,0,0
294,0,0,0,0,0,0,0,0,0,0,0,0,0,0,0
127,0,0,0,0,0,0,0,0,0,0,0,0,0,0,0
120,0,0,0,0,0,0,0,0,0,0,0,0,0,0,0
264,0,0,0,0,0,0,0,0,0,0,0,0,0,0,0
280,0,0,0,0,0,0,0,0,0,0,0,0,0,0,0
86,0,0,0,0,0,0,0,0,0,0,0,0,0,0,0
47,174,0,0,0,0,0,0,0,0,0,0,0,0,0,0
60,106,100,235,0,0,0,0,0,0,0,0,0,0,0,0
28,0,0,0,0,0,0,0,0,0,0,0,0,0,0,0
118,113,0,0,0,0,0,0,0,0,0,0,0,0,0,0
203,15,196,0,0,0,0,0,0,0,0,0,0,0,0,0
84,0,0,0,0,0,0,0,0,0,0,0,0,0,0,0
189,252,0,0,0,0,0,0,0,0,0,0,0,0,0,0
242,0,0,0,0,0,0,0,0,0,0,0,0,0,0,0
10,199,0,0,0,0,0,0,0,0,0,0,0,0,0,0
295,0,0,0,0,0,0,0,0,0,0,0,0,0,0,0
7,5,0,0,0,0,0,0,0,0,0,0,0,0,0,0
30,278,0,0,0,0,0,0,0,0,0,0,0,0,0,0
130,0,0,0,0,0,0,0,0,0,0,0,0,0,0,0
105,0,0,0,0,0,0,0,0,0,0,0,0,0,0,0
296,150,0,0,0,0,0,0,0,0,0,0,0,0,0,0
267,0,0,0,0,0,0,0,0,0,0,0,0,0,0,0
93,0,0,0,0,0,0,0,0,0,0,0,0,0,0,0
54,184,0,0,0,0,0,0,0,0,0,0,0,0,0,0
48,50,0,0,0,0,0,0,0,0,0,0,0,0,0,0
301,0,0,0,0,0,0,0,0,0,0,0,0,0,0,0
73,0,0,0,0,0,0,0,0,0,0,0,0,0,0,0
108,0,0,0,0,0,0,0,0,0,0,0,0,0,0,0
280,0,0,0,0,0,0,0,0,0,0,0,0,0,0,0
188,0,0,0,0,0,0,0,0,0,0,0,0,0,0,0
172,0,0,0,0,0,0,0,0,0,0,0,0,0,0,0
196,26,0,0,0,0,0,0,0,0,0,0,0,0,0,0
37,0,0,0,0,0,0,0,0,0,0,0,0,0,0,0
16,0,0,0,0,0,0,0,0,0,0,0,0,0,0,0
92,0,0,0,0,0,0,0,0,0,0,0,0,0,0,0
25,0,0,0,0,0,0,0,0,0,0,0,0,0,0,0
106,0,0,0,0,0,0,0,0,0,0,0,0,0,0,0
116,0,0,0,0,0,0,0,0,0,0,0,0,0,0,0
26,0,0,0,0,0,0,0,0,0,0,0,0,0,0,0
194,0,0,0,0,0,0,0,0,0,0,0,0,0,0,0
56,0,0,0,0,0,0,0,0,0,0,0,0,0,0,0
221,0,0,0,0,0,0,0,0,0,0,0,0,0,0,0
132,0,0,0,0,0,0,0,0,0,0,0,0,0,0,0
63,122,0,0,0,0,0,0,0,0,0,0,0,0,0,0
326,0,0,0,0,0,0,0,0,0,0,0,0,0,0,0
305,0,0,0,0,0,0,0,0,0,0,0,0,0,0,0
