252,130,129,169,3,166,167,128,4,15,126,10,179,258,262,264
229,34,64,65,19,232,231,63,29,269,233,266,66,267,23,265
123,105,122,35,38,39,121,108,44,42,101,52,45,36,106,119
55,154,31,21,54,20,158,293,288,47,27,291,289,161,157,51
255,30,203,24,196,256,202,85,25,200,86,80,259,28,257,84
188,7,206,8,183,59,61,186,201,11,197,62,57,199,9,184
143,254,99,241,149,237,234,102,114,261,139,263,141,242,248,113
249,182,178,247,238,240,170,191,245,195,192,246,260,174,172,251
185,270,177,165,276,171,193,209,220,173,278,190,224,187,277,216
117,26,109,221,33,325,110,322,18,217,212,111,319,222,32,326
116,97,73,168,112,74,271,275,104,181,70,175,279,75,273,180
308,115,13,100,208,213,305,2,211,103,16,17,219,306,107,307
3,142,263,258,1,27,249,152,23,22,135,21,14,16,140,251
43,220,203,50,221,49,212,280,200,274,54,196,273,213,278,202
245,242,168,18,31,303,30,240,305,174,28,237,176,308,307,171
122,55,84,254,83,248,53,45,125,81,85,121,123,51,260,261
289,255,291,325,250,286,247,322,181,319,172,178,170,252,294,324
188,39,186,241,35,52,238,37,235,234,38,44,47,194,42,190
20,292,295,56,128,59,19,34,25,300,61,129,62,130,126,290
65,209,214,15,66,224,154,4,68,155,67,11,218,161,158,2
77,272,211,288,216,293,73,78,277,270,219,287,217,285,70,275
10,199,197,206,108,6,201,115,302,297,17,12,298,112,102,296
268,92,265,266,267,90,91,32,229,24,232,88,233,231,33,29
116,131,184,7,99,13,137,191,110,117,5,8,185,136,183,141
139,97,152,112,10,135,13,101,247,262,258,99,259,15,3,132
11,266,268,232,324,319,229,233,269,231,265,2,6,322,326,9
304,299,213,308,224,24,305,288,28,33,30,293,222,290,303,214
219,220,45,182,184,221,53,155,47,158,187,193,154,208,157,50
67,62,19,25,173,56,59,58,178,68,26,175,66,181,29,65
85,286,257,264,86,211,209,292,297,251,294,217,253,212,84,82
129,22,272,27,277,128,261,274,23,248,126,256,250,21,275,127
123,122,180,238,42,44,167,124,237,234,48,177,52,121,241,176
295,93,166,190,92,91,174,168,183,287,185,302,88,192,300,179
17,49,150,240,55,46,245,16,1,242,235,54,12,140,146,144
35,39,40,75,200,78,202,116,206,109,98,37,70,113,199,76
201,186,194,263,170,196,260,203,252,165,197,172,189,188,249,171
180,117,176,276,326,178,321,277,270,115,324,179,108,116,275,322
78,77,10,2,101,76,105,23,15,104,110,33,73,29,24,4
87,54,305,88,52,100,111,307,48,93,113,92,308,99,303,53
124,265,134,123,229,268,231,145,266,144,135,232,267,122,120,233
257,242,211,221,214,262,80,86,82,246,81,237,255,259,241,216
51,249,248,146,43,258,200,202,203,132,46,199,253,55,150,138
287,217,213,256,173,177,172,220,263,289,218,285,286,260,252,175
274,36,42,296,50,39,271,292,294,45,40,301,35,272,49,279
197,64,66,196,18,31,201,112,118,22,106,206,97,63,20,68
107,9,245,102,7,171,16,165,234,235,98,5,109,238,174,167
21,12,170,154,158,27,8,168,11,26,181,32,157,166,161,1
13,34,59,62,126,30,130,6,129,61,25,17,14,57,28,127
34,43,102,55,50,111,24,286,291,52,118,32,285,114,296,19
134,112,179,23,98,115,97,171,26,131,18,33,135,132,175,167
124,125,92,99,8,2,7,87,108,110,121,120,11,91,89,117
161,200,202,203,53,4,44,154,5,49,197,162,15,157,14,45
21,28,217,193,216,295,195,300,22,292,290,212,182,183,30,222
152,278,304,279,63,303,306,143,65,277,68,140,67,307,139,273
126,128,147,268,232,233,265,231,151,229,148,269,127,267,129,136
326,51,12,54,190,188,194,16,324,322,46,325,9,48,3,184
271,6,86,103,105,83,270,104,10,84,80,274,280,1,116,13
214,246,168,218,208,29,234,242,27,211,170,25,31,180,174,235
187,238,107,106,241,113,185,101,186,191,78,237,75,76,245,77
138,56,150,37,206,35,62,199,58,38,145,137,36,201,196,57
287,193,182,118,288,115,248,258,194,189,299,264,116,295,110,259
126,251,130,129,208,213,254,1,127,9,252,13,212,263,219,8
85,131,86,184,188,231,229,80,195,150,232,132,81,233,187,140
272,279,77,273,269,268,286,294,75,73,76,293,270,266,289,265
22,29,56,166,178,142,26,145,138,181,60,62,58,19,176,136
109,21,14,12,11,99,112,180,20,4,165,172,25,104,179,24
30,31,141,137,234,240,238,202,135,206,27,196,237,34,149,203
301,168,200,199,114,201,111,173,105,298,302,197,170,290,108,177
46,113,304,98,235,242,48,305,245,306,307,241,107,47,44,100
33,90,32,183,55,190,50,192,186,88,91,28,23,42,87,45
120,144,125,324,291,321,151,122,325,297,319,300,292,134,121,139
41,49,36,39,52,68,64,162,154,43,66,37,53,67,157,158
126,296,238,130,291,242,3,234,129,299,9,8,127,246,292,11
260,319,279,256,270,324,161,162,262,321,274,277,248,158,157,326
137,286,300,263,297,83,264,85,288,81,143,131,80,148,249,259
166,33,206,2,34,201,196,173,175,202,1,27,176,7,4,19
294,287,22,152,229,231,24,151,18,233,295,301,142,232,136,28
220,90,58,61,23,219,218,29,59,91,25,211,31,56,88,89
195,118,73,39,36,108,104,78,189,184,35,116,40,75,76,194
42,119,212,53,123,46,124,266,268,121,208,52,269,213,265,222
185,255,254,45,192,272,50,188,275,251,49,276,47,250,187,271
167,16,303,305,21,180,30,15,26,170,12,307,172,308,20,10
65,68,209,171,179,200,199,203,66,181,169,67,217,216,197,224
99,241,105,177,178,240,168,55,117,237,48,43,51,174,114,245
247,161,280,62,154,56,157,162,279,60,278,57,256,250,274,258
109,142,8,140,15,147,20,136,32,5,4,114,23,108,117,24
31,138,19,286,99,18,107,149,148,98,292,115,21,144,290,296
214,3,11,219,222,235,254,259,264,221,12,234,17,253,245,238
35,277,36,305,272,237,40,241,306,246,275,304,37,240,308,276
291,193,183,324,289,185,326,212,218,189,319,213,321,293,211,299
232,231,44,187,209,190,233,229,195,46,208,217,220,43,188,52
261,176,28,262,175,135,174,141,26,29,167,143,146,260,248,33
64,251,2,65,255,301,63,288,13,285,249,1,298,14,263,66
75,186,294,295,191,300,284,132,137,76,134,73,152,192,78,184
42,265,122,123,199,202,269,53,54,125,55,201,268,197,120,267
82,203,196,51,88,45,206,85,49,93,48,90,200,81,80,92
5,87,229,93,232,92,17,89,188,2,231,11,187,192,233,195
176,21,178,274,259,27,31,260,275,278,262,273,256,171,18,166
297,191,193,285,247,293,182,189,264,64,68,65,251,301,67,253
199,265,266,218,203,197,288,269,289,268,222,196,294,216,221,292
258,291,28,32,20,254,302,19,299,252,287,46,49,43,249,53
321,22,300,324,290,25,202,319,206,200,201,26,29,296,322,295
120,146,78,122,70,185,184,183,77,148,119,135,74,125,137,186
271,180,276,142,272,174,62,59,165,169,270,60,134,149,57,150
305,6,306,10,130,127,128,129,14,8,80,85,308,86,84,307
33,34,245,41,177,167,237,38,175,238,23,30,241,35,172,39
211,181,103,9,224,3,170,179,4,173,15,117,102,217,100,208
144,235,155,51,234,138,242,158,139,145,55,50,157,162,246,44
138,137,289,295,237,234,202,245,197,241,200,201,290,135,145,292
150,232,133,229,294,222,131,285,231,297,214,219,139,218,286,233
261,247,28,263,206,196,203,22,30,16,5,264,2,10,199,32
208,224,128,194,73,76,182,78,213,77,126,129,193,217,186,127
251,120,252,256,246,258,238,123,132,121,144,143,146,235,240,122
6,303,287,25,306,26,34,27,304,299,1,8,284,296,11,305
257,142,134,4,17,13,9,147,152,171,177,250,178,248,173,260
190,140,29,21,20,293,141,195,149,19,298,136,291,300,185,188
154,89,187,158,162,189,36,37,191,93,155,87,92,192,38,41
106,24,118,86,48,109,43,49,81,33,80,84,31,44,104,23
321,326,324,61,266,212,58,57,269,209,211,59,221,265,268,319
165,166,64,280,254,279,255,276,168,68,167,253,249,278,66,63
295,155,294,130,169,168,286,157,165,287,154,166,127,129,128,162
98,142,135,110,66,261,63,256,260,103,113,152,262,148,64,65
251,203,258,10,199,17,263,50,15,43,248,45,201,6,200,49
54,240,183,190,255,238,46,252,48,53,247,249,184,241,245,189
121,122,276,305,120,220,274,303,214,279,307,304,213,273,119,208
111,108,105,59,33,109,58,22,56,38,20,40,37,39,23,62
285,4,13,233,297,290,12,321,16,229,326,232,325,293,324,231
195,288,192,197,194,298,187,196,299,259,202,300,254,250,264,206
21,275,89,278,88,138,91,272,280,28,27,140,137,87,30,151
73,82,76,292,77,78,26,18,302,86,24,291,85,81,32,289
219,267,175,100,167,268,209,224,265,222,170,106,177,107,99,269
246,211,234,31,34,29,193,191,218,221,212,19,237,182,185,235
325,106,301,112,298,291,109,220,108,287,319,212,219,321,324,222
16,50,224,213,14,214,54,150,134,4,2,138,42,45,211,142
217,101,209,126,216,183,208,186,127,97,102,184,192,99,128,130
307,202,251,40,305,197,252,36,308,256,38,200,39,201,304,253
6,234,276,235,245,144,133,10,273,9,271,137,147,11,278,240
297,61,149,62,293,19,57,24,132,286,139,288,58,21,33,152
100,114,117,181,175,172,151,148,193,185,190,104,168,131,194,140
173,295,76,179,261,292,302,180,70,75,248,300,249,73,178,258
157,51,143,48,44,146,154,47,257,155,247,264,255,135,136,158
85,267,182,81,268,195,84,265,113,116,187,266,189,80,103,111
46,237,232,233,125,231,124,121,53,241,242,52,49,120,229,246
196,174,107,203,206,92,115,105,89,93,199,118,177,170,90,169
174,302,229,259,250,257,298,179,292,296,171,231,262,176,232,233
90,92,175,181,189,197,203,178,206,88,87,195,185,183,180,200
304,307,256,38,249,41,277,252,276,308,247,274,35,305,40,280
288,295,251,1,222,263,219,258,5,4,294,254,212,216,13,293
65,319,64,9,44,17,54,322,11,49,68,326,66,2,325,43
33,116,297,290,23,101,26,169,177,286,115,299,20,167,118,166
240,245,234,24,18,28,62,57,61,272,278,27,237,271,59,275
105,19,151,265,110,150,266,269,103,32,267,21,113,22,135,133
132,12,6,202,81,14,199,80,144,82,3,201,141,196,136,86
261,15,127,264,129,16,138,147,137,8,248,130,131,10,253,128
134,186,145,194,161,157,139,31,158,30,25,146,182,154,29,192
98,220,45,55,238,235,242,221,209,218,53,104,111,246,48,117
98,176,172,86,84,82,14,171,111,3,168,118,113,10,85,5
52,245,33,77,76,42,246,70,74,28,31,19,51,237,53,238
116,185,101,44,47,12,48,4,100,190,49,15,8,182,114,188
260,298,296,294,280,99,254,102,271,255,252,108,295,276,277,105
308,40,104,112,303,59,58,304,36,103,41,97,305,60,38,57
186,13,187,286,203,7,189,9,11,202,291,302,297,183,201,196
120,268,173,124,167,274,270,181,267,122,265,166,272,266,121,279
91,218,93,92,284,87,214,293,216,289,43,46,50,290,54,209
326,231,2,16,64,6,65,17,319,66,233,67,229,325,324,232
287,174,29,211,178,288,170,217,30,27,292,20,219,180,285,222
158,206,199,155,126,129,251,249,130,162,200,157,197,259,257,127
169,165,194,195,117,110,177,179,115,109,262,184,192,261,248,258
252,46,49,10,261,257,108,263,116,112,12,47,8,52,16,102
296,285,295,219,185,193,284,20,209,22,191,29,218,34,188,222
267,202,294,302,234,266,268,237,199,242,196,269,286,299,241,206
174,173,166,247,175,135,264,138,132,289,291,290,248,259,292,136
57,253,232,60,231,56,229,88,93,91,87,59,233,254,256,255
187,99,43,113,45,55,106,183,240,53,246,192,238,104,194,235
250,41,35,37,82,211,216,86,251,260,83,84,36,262,213,212
326,9,3,301,293,200,14,300,201,298,319,197,325,203,17,322
122,120,64,119,105,26,66,97,24,32,63,107,68,27,121,117
220,6,270,13,277,128,126,272,217,4,278,214,221,130,7,127
161,76,1,5,306,307,157,155,304,158,11,303,75,78,77,15
274,110,271,100,30,186,190,195,98,33,189,31,280,273,114,23
190,186,297,26,63,302,189,299,28,300,187,66,27,65,64,29
74,7,169,78,11,12,77,267,6,70,265,269,167,268,177,179
109,115,132,229,232,201,196,206,233,135,152,103,140,231,202,116
48,308,241,235,303,46,286,234,306,307,294,289,301,44,240,54
110,107,61,118,171,102,51,57,173,62,42,172,45,168,56,43
128,184,144,130,126,52,183,127,50,55,185,141,133,188,49,145
33,19,3,296,4,291,287,285,20,16,218,211,8,217,31,221
213,246,284,224,290,242,295,238,275,214,293,278,245,277,274,209
161,322,199,166,203,325,197,165,326,154,155,200,321,174,162,175
219,195,192,248,220,112,191,216,262,263,111,97,193,101,264,222
80,121,86,87,88,91,125,83,98,90,123,99,124,113,81,108
270,22,105,21,271,40,30,273,272,114,104,34,38,36,41,106
105,90,206,203,113,87,1,92,88,98,5,201,197,8,101,10
246,13,196,240,200,238,15,241,321,4,319,326,325,202,7,199
42,58,43,188,61,142,186,184,51,191,151,152,135,57,54,56
285,267,166,221,219,269,266,222,172,170,290,265,218,165,302,287
116,192,306,305,106,304,110,193,183,308,250,264,261,262,103,185
29,247,12,248,155,162,157,3,256,14,26,254,18,9,154,27
120,280,270,214,53,119,46,125,49,124,220,212,278,50,279,224
301,296,48,233,229,45,11,298,2,232,231,6,289,52,55,17
258,249,107,86,102,114,300,81,299,257,83,284,255,99,291,80
295,38,66,292,41,297,252,65,35,251,64,36,260,253,294,67
104,143,127,115,100,181,180,111,171,129,145,130,133,128,141,167
118,182,97,237,242,195,245,109,234,187,190,271,274,108,277,275
27,55,124,30,31,120,53,45,174,22,48,121,166,123,178,172
280,217,272,219,286,44,274,47,301,221,52,296,218,49,290,279
229,81,232,1,2,7,84,233,61,10,85,60,83,231,58,57
305,188,192,303,307,185,184,23,277,26,276,275,20,278,308,29
143,73,12,241,246,3,4,78,15,235,242,77,74,144,137,131
50,213,262,220,51,42,251,35,38,43,260,253,39,40,211,209
21,324,34,129,322,91,93,89,24,127,321,18,325,128,130,87
141,167,268,298,289,181,171,175,267,148,134,293,142,265,269,287
186,256,113,252,182,101,152,132,105,195,109,255,254,140,151,187
133,145,288,284,136,139,104,32,28,19,112,302,33,100,116,292
65,118,162,64,157,107,263,158,68,111,257,66,108,258,259,154
238,240,237,261,249,193,245,190,208,264,212,224,216,191,189,248
131,119,125,121,147,306,201,196,197,303,124,206,304,308,151,135
6,107,99,126,7,128,129,127,232,113,231,229,12,104,233,3
253,19,199,203,200,177,34,168,180,33,202,258,263,178,24,256
110,293,43,44,106,47,174,169,173,175,284,51,300,299,115,111
287,77,75,294,35,194,39,73,288,78,187,36,295,41,184,192
17,66,220,321,65,322,15,10,64,8,213,208,68,325,219,319
101,32,97,23,84,218,26,20,85,105,114,82,217,86,212,222
21,298,31,144,302,181,28,172,25,166,142,167,285,137,291,133
154,238,116,118,136,102,161,235,146,240,145,152,117,162,242,155
57,269,62,267,112,246,59,98,268,58,234,100,241,265,237,108
90,211,272,277,221,185,216,182,276,273,190,91,183,88,224,89
140,279,138,195,193,271,139,141,289,296,274,278,286,189,186,290
18,152,22,277,271,133,139,270,21,279,325,144,326,319,23,324
83,206,264,197,80,178,201,252,179,172,180,247,84,260,202,81
44,88,34,31,87,32,92,90,47,55,195,187,19,185,190,45
306,43,272,305,53,209,42,217,280,276,307,304,52,208,274,214
255,224,13,219,14,211,222,259,143,10,258,261,149,131,7,136
54,49,46,59,57,299,30,297,48,61,25,26,29,56,293,285
191,265,154,161,157,35,193,37,155,36,267,40,268,182,183,266
288,99,167,107,168,181,147,105,300,132,111,170,298,151,287,145
108,246,115,241,100,175,240,12,5,174,235,171,2,166,6,103
127,130,129,176,169,24,196,20,199,177,173,28,27,128,200,203
75,97,186,110,189,74,123,117,77,125,113,78,119,184,188,121
65,68,291,231,67,232,63,238,245,289,234,229,233,237,296,286
126,174,167,114,150,102,130,133,127,170,97,173,141,128,148,98
52,161,143,42,194,155,158,45,189,157,187,146,132,145,47,195
178,301,51,245,238,286,288,246,293,53,55,166,235,165,179,50
59,82,35,202,196,60,38,199,62,37,80,84,36,58,197,85
229,326,18,319,147,321,233,28,232,31,142,325,144,29,151,231
256,262,263,93,307,303,88,149,140,131,306,89,249,152,305,91
123,13,103,120,260,261,1,258,122,2,125,6,113,254,110,117
26,296,24,33,25,292,269,268,298,184,183,266,294,265,193,192
191,242,190,185,16,241,290,10,188,8,3,240,300,285,287,234
176,273,272,201,77,200,74,78,180,168,203,172,206,275,274,73
65,284,278,64,66,270,12,299,14,17,276,9,289,68,291,271
134,43,34,138,136,54,23,252,248,257,44,32,46,255,137,21
154,292,158,161,165,22,21,290,180,18,177,29,285,162,171,294
212,50,217,77,252,256,249,75,42,49,76,219,53,261,220,73
295,297,1,238,92,89,237,284,12,289,88,8,241,2,91,242
176,201,304,197,25,305,178,206,32,27,28,170,303,196,172,306
3,168,10,24,211,11,216,174,31,14,213,33,179,175,224,34
301,36,41,181,298,188,189,40,169,167,288,37,186,300,166,193
123,324,125,7,5,321,322,266,124,16,269,17,267,120,265,319
257,15,140,254,260,118,115,4,142,255,146,6,116,99,132,13
202,184,61,126,200,194,195,203,129,56,59,130,60,182,199,127
234,279,97,245,117,43,240,47,246,55,109,111,278,48,271,275
64,221,185,222,190,218,231,187,233,208,232,63,229,67,66,191
293,286,52,54,302,287,272,46,51,84,80,81,280,82,276,277
20,297,76,73,27,285,24,174,74,179,288,171,23,289,70,169
296,11,9,293,255,300,254,263,267,269,265,284,10,266,256,7
294,88,292,231,249,257,299,233,252,232,251,89,229,93,90,287
237,203,43,242,45,114,201,54,105,103,102,246,44,197,206,245
321,241,17,224,219,2,319,208,240,212,235,326,324,4,6,238
40,278,36,275,39,131,135,41,139,192,148,190,189,191,271,274
307,196,199,175,128,126,173,202,304,166,129,303,167,200,127,308
161,65,183,13,63,3,154,184,66,155,195,68,157,15,5,186
31,21,182,261,291,290,19,250,302,295,188,262,185,193,26,253
273,123,272,86,121,81,270,84,85,177,277,122,120,165,180,176
108,55,46,141,214,151,100,213,42,109,221,107,220,47,144,132
258,248,12,16,259,61,60,57,53,1,264,48,49,59,14,50
305,209,37,93,38,87,89,307,213,36,222,39,308,216,303,92
165,322,201,272,197,171,173,324,196,279,167,277,321,203,326,280
74,30,10,14,78,20,32,7,29,75,182,70,4,191,183,192
179,161,214,57,181,221,217,155,59,154,60,170,174,56,212,158
202,112,240,49,245,43,108,199,242,234,100,46,97,44,200,206
2,6,151,9,111,301,114,143,136,117,294,300,152,291,11,115
26,21,288,269,265,102,107,104,28,296,266,33,298,302,268,118
273,295,22,178,276,27,172,19,168,289,176,34,275,287,270,285
189,124,126,120,190,67,129,64,66,125,130,63,119,127,195,188
24,85,247,45,52,25,86,31,54,250,82,248,51,23,262,83
224,50,53,55,286,218,12,3,297,299,8,47,219,1,208,290
113,194,246,116,229,109,233,232,187,231,235,105,185,238,237,193
10,2,213,58,253,217,61,16,262,258,224,56,261,15,216,59
299,38,37,200,197,54,36,44,203,302,196,43,39,47,287,292
199,319,206,324,126,66,130,67,201,202,129,321,127,325,63,65
237,145,242,167,181,240,214,222,166,220,209,138,141,173,149,238
271,86,182,49,279,81,51,84,274,42,188,270,187,83,50,192
89,87,171,172,53,303,308,179,92,178,306,52,55,46,90,304
285,124,288,232,184,119,233,183,231,120,229,186,298,286,123,185
78,265,191,76,75,174,266,165,195,73,194,170,193,268,267,177
290,212,295,22,13,12,14,33,26,291,284,218,30,219,17,221
157,272,109,301,97,155,280,278,161,293,154,296,297,273,107,110
131,235,255,147,241,260,251,29,27,133,254,25,32,148,246,245
5,132,143,175,180,9,134,21,34,176,31,168,7,28,142,8
127,126,11,129,137,9,2,167,135,15,179,151,165,128,171,147
138,48,116,103,191,47,42,111,45,148,102,187,186,131,194,144
232,117,255,6,229,233,97,109,253,7,249,247,5,231,17,104
115,325,175,326,101,44,319,172,114,49,181,106,321,168,55,52
29,41,296,290,38,302,107,37,113,289,23,118,40,18,110,27
307,262,16,264,51,248,4,304,305,306,252,46,43,8,53,3
203,195,183,278,190,272,200,199,254,277,185,260,202,279,263,259
155,285,267,157,13,292,266,288,162,1,158,297,269,14,265,10
188,105,122,108,180,177,121,169,124,189,112,193,120,173,98,192
92,250,89,93,287,301,274,251,91,291,258,256,270,293,273,271
70,32,136,141,145,22,75,56,139,58,19,74,33,78,59,62
211,28,166,170,178,176,30,24,216,64,214,65,31,212,68,63
46,40,41,48,24,232,39,229,32,53,51,36,231,20,27,233
93,17,7,120,125,92,121,123,87,49,3,44,90,52,50,15
181,293,76,105,301,73,175,302,74,168,287,77,178,108,103,117
196,192,183,180,188,173,176,300,206,286,200,194,299,179,199,294
8,10,13,222,218,66,144,9,65,208,68,136,145,149,67,219
245,217,209,142,224,324,241,322,234,138,133,319,242,135,325,220
292,2,60,58,186,288,1,61,12,182,189,6,298,59,289,195
102,45,291,85,285,86,106,295,83,104,47,82,297,118,42,54
170,248,214,213,115,100,255,114,112,212,166,259,167,169,211,249
197,280,147,137,304,203,140,201,202,308,141,271,279,306,307,276
174,16,165,190,187,11,185,262,172,261,4,177,264,14,250,193
257,256,238,266,154,161,267,235,246,260,158,157,265,240,269,247
185,23,285,302,34,196,200,195,202,27,183,189,289,292,28,206
216,108,24,32,21,241,242,100,237,245,209,114,221,29,222,117
3,265,246,240,6,118,107,267,269,111,234,238,266,12,101,15
188,99,192,166,110,184,179,296,194,170,299,284,106,169,301,105
218,224,293,181,287,178,217,288,208,51,45,173,52,55,298,175
1,9,47,261,250,54,193,53,14,186,182,190,17,49,253,263
88,86,158,87,81,161,82,89,162,90,133,85,157,131,144,143
129,39,308,305,127,325,324,321,41,36,126,326,128,307,38,304
13,76,272,199,279,78,201,2,277,73,11,270,197,5,77,203
43,46,176,44,25,67,63,64,26,165,66,18,50,20,174,167
275,103,233,102,271,232,125,116,124,120,229,231,123,109,276,274
19,33,212,300,295,22,104,220,294,97,113,211,115,219,291,31
31,168,221,220,212,276,179,22,271,208,21,272,26,178,278,165
49,203,50,202,44,111,81,117,47,80,206,82,112,97,197,83
106,326,105,155,289,297,161,293,102,325,322,154,292,108,321,158
92,43,55,35,87,10,36,88,54,9,38,6,53,37,2,91
234,194,184,302,240,177,238,288,290,173,189,171,191,299,237,169
25,23,29,62,300,260,248,28,56,257,291,296,263,285,58,57
259,192,115,251,182,114,193,186,109,262,150,253,113,144,138,139
52,48,32,34,123,45,19,27,121,125,70,124,78,46,75,73
176,68,180,233,246,242,64,67,232,170,235,241,166,231,229,63
201,294,33,298,20,270,199,30,273,24,200,275,196,301,277,295
209,133,222,256,148,211,261,258,142,11,216,17,145,254,1,14
129,126,134,127,130,249,146,136,267,264,255,266,269,252,137,265
61,60,146,158,157,143,161,231,56,232,229,59,147,233,141,154
190,300,302,148,297,149,145,102,192,114,183,105,184,292,150,100
224,213,98,84,85,10,15,115,3,80,97,209,217,99,16,81
166,42,172,178,78,74,54,177,48,185,43,73,75,186,191,187
117,5,240,103,9,238,111,242,258,249,262,2,17,118,251,237
55,260,130,276,53,274,126,128,50,255,127,252,272,47,279,254
39,194,322,37,325,319,41,326,40,193,188,181,195,169,167,179
220,307,170,152,137,304,135,208,175,303,173,308,131,222,176,218
280,14,51,253,277,278,8,271,1,52,45,248,44,256,257,11
219,269,65,88,93,68,268,267,265,211,92,221,87,63,216,64
27,12,122,20,113,7,13,112,120,107,125,109,4,25,18,121
171,29,132,140,21,168,174,234,22,165,245,235,241,136,33,133
268,128,254,269,266,258,256,126,267,255,274,279,276,275,129,127
24,113,110,64,251,108,27,33,28,67,252,68,264,98,63,261
74,241,237,194,32,234,75,20,186,191,78,235,187,23,30,76
9,12,303,190,1,174,304,305,171,195,306,3,165,183,169,185
82,84,180,188,85,182,90,172,193,88,87,167,91,189,80,176
115,36,8,2,39,102,14,124,7,125,117,120,109,37,121,35
196,17,10,200,175,29,170,19,11,178,168,22,206,25,197,5
142,232,291,293,50,231,140,45,138,55,233,298,292,42,229,145
112,214,100,116,201,53,106,202,224,54,51,213,48,208,203,199
143,58,141,181,61,324,60,326,322,57,179,134,319,166,177,136
43,137,46,132,47,246,245,146,247,248,262,242,240,131,44,249
277,158,147,144,263,257,250,162,273,278,270,161,253,139,155,149
206,202,126,76,11,1,75,199,130,129,78,5,12,128,197,73
25,192,113,255,32,102,28,108,190,263,184,105,254,262,18,194
170,174,14,2,58,7,110,56,114,166,112,60,117,62,168,10
154,231,3,232,200,155,203,201,158,229,161,196,9,6,13,233
53,242,209,34,51,213,29,21,55,238,240,220,20,241,54,212
120,325,214,121,125,234,237,321,119,235,224,326,208,245,211,319
93,89,248,87,266,33,269,19,256,268,26,265,258,249,90,23
179,308,181,286,295,304,285,99,299,306,103,104,109,307,172,165
293,40,36,68,291,35,37,284,302,259,251,264,63,261,64,66
118,48,257,52,275,101,42,253,276,252,260,98,277,100,50,270
216,27,300,45,301,218,44,46,294,31,30,290,24,49,219,222
280,169,278,83,175,289,176,82,273,298,296,274,167,297,80,86
161,167,158,112,175,162,128,104,126,174,105,129,166,154,108,127
233,231,172,47,251,249,176,178,229,250,55,259,180,53,232,49
202,200,42,43,45,17,52,3,206,201,308,304,307,303,13,9
56,184,61,284,138,148,57,287,195,136,190,292,150,289,186,62
97,40,36,117,141,39,113,183,149,41,193,151,111,194,152,187
199,93,196,92,131,203,99,103,133,197,134,144,87,110,88,102
279,273,266,276,15,120,121,124,268,123,272,265,10,267,12,6
214,51,300,63,48,213,65,54,294,288,50,68,224,296,64,208
321,98,140,83,324,143,147,85,81,319,109,146,322,106,100,80
299,173,171,179,209,295,181,211,185,221,217,293,182,191,297,188
219,220,290,274,222,298,275,277,73,70,286,218,291,74,270,76
168,32,238,234,139,240,137,142,169,165,23,18,246,145,29,177
171,47,166,43,5,13,117,6,4,169,100,46,42,108,175,103
155,232,186,105,191,157,110,112,154,193,162,231,229,233,106,183
303,192,31,28,184,305,212,34,308,214,25,306,190,218,189,224
235,14,257,19,20,248,23,234,255,258,240,1,237,33,12,10
59,129,122,130,61,27,121,124,58,127,30,60,18,32,120,128
253,147,104,102,297,250,251,142,149,107,290,260,288,299,140,116
81,65,86,277,66,276,49,55,83,63,280,45,64,51,278,80
238,173,132,174,26,176,143,148,165,246,29,21,24,134,245,242
279,293,93,38,40,91,271,273,41,274,302,301,89,92,296,39
101,150,9,298,11,287,109,141,2,285,145,16,118,99,294,139
15,3,115,187,195,326,113,324,17,8,188,111,185,325,114,322
291,44,261,289,53,269,247,264,268,54,263,48,267,284,300,266
294,166,199,167,112,200,302,111,203,286,100,104,301,202,169,175
322,217,248,214,249,220,206,264,324,326,201,219,259,197,196,319
191,193,296,130,128,129,187,127,288,287,4,2,10,9,189,284
7,12,148,143,213,188,212,1,195,182,211,209,13,192,136,139
179,14,90,174,91,92,272,15,277,87,8,11,176,271,279,177
63,75,275,235,245,76,70,278,274,246,77,64,240,65,280,66
269,295,30,291,38,292,37,265,36,21,39,268,267,22,34,289
3,229,86,82,121,80,232,231,120,16,6,233,125,5,119,81
172,303,62,42,60,57,173,43,171,59,306,48,165,53,304,308
293,161,138,154,155,158,299,134,142,216,218,222,290,221,135,285
20,170,52,180,117,31,45,181,101,29,178,99,26,97,50,46
32,261,33,186,251,51,253,184,28,44,183,252,25,49,185,55
38,12,6,308,307,193,194,7,305,182,303,2,184,37,39,40
208,221,133,293,50,216,43,140,49,136,44,218,290,287,134,298
209,183,190,21,66,31,213,217,189,191,68,219,23,65,63,28
98,118,177,165,302,280,285,170,116,167,101,288,299,278,270,273
192,162,158,57,161,188,186,58,135,141,59,61,154,185,147,146
119,16,247,13,120,263,143,125,264,152,5,4,131,252,138,124
19,321,179,18,87,326,324,32,92,181,91,319,172,29,175,88
26,180,169,294,178,129,24,297,128,171,127,296,126,25,30,289
8,279,11,14,276,27,197,275,20,272,22,199,206,203,33,15
233,284,139,55,150,231,292,48,42,232,229,286,51,132,295,149
268,145,142,78,148,266,242,267,151,73,74,237,269,70,246,240
212,174,1,202,200,10,176,201,211,17,224,168,222,196,3,166
291,135,117,285,201,197,293,202,301,142,141,104,152,97,196,103
278,65,46,39,277,66,43,40,48,41,280,68,42,64,36,272
303,219,213,32,306,305,211,19,20,101,102,304,106,31,98,208
22,30,229,238,253,24,231,249,25,233,232,255,234,246,248,245
110,256,180,262,49,54,176,259,171,53,254,172,50,111,115,100
200,87,221,74,73,206,220,214,199,70,91,92,93,77,218,203
321,322,128,129,83,60,80,61,324,82,326,56,62,130,85,127
224,222,212,118,116,109,161,216,7,162,99,1,14,155,157,16
182,34,26,187,173,169,29,242,192,175,241,240,186,179,235,33
44,45,170,167,47,52,149,168,299,140,132,178,296,288,297,136
271,105,12,274,279,9,3,112,150,147,134,139,114,275,113,10
269,266,165,300,181,267,295,268,298,119,124,122,286,166,120,174
270,251,291,247,264,280,272,231,289,254,233,295,273,232,229,297
294,177,201,100,174,290,199,298,200,197,99,169,165,104,112,300
47,30,186,44,188,109,97,108,187,191,18,33,32,48,43,116
178,299,261,293,213,181,262,222,301,212,256,168,296,219,176,249
278,277,24,306,4,15,27,20,22,271,16,2,303,305,307,274
128,167,180,129,224,179,285,208,292,127,216,166,126,209,302,284
158,29,138,21,140,157,162,107,147,23,145,117,102,19,114,161
34,28,137,151,89,206,31,26,144,91,203,196,135,202,93,92
83,185,125,67,121,85,192,81,68,82,66,189,194,119,63,120
61,325,133,326,57,245,321,139,240,152,237,59,241,319,56,146
183,46,14,195,238,49,235,53,12,8,234,51,184,242,17,193
269,214,220,73,211,267,74,38,40,266,37,70,268,77,221,36
73,24,77,89,76,97,90,87,88,104,102,78,31,32,106,26
280,40,174,37,168,271,165,275,260,248,261,35,167,41,263,273
149,85,268,162,265,83,267,141,136,86,81,139,269,161,155,158
108,10,217,109,212,216,110,135,132,11,9,150,2,133,101,218
123,120,121,45,322,285,324,326,42,289,284,293,44,43,122,325
237,290,299,138,143,246,170,147,235,295,242,179,152,300,180,178
296,62,291,126,61,130,57,214,56,128,224,219,221,298,129,302
272,245,276,65,277,63,64,50,49,66,234,46,270,241,238,52
53,54,22,233,229,48,177,175,173,166,47,232,25,34,18,231
29,249,308,116,247,304,107,98,28,259,303,307,20,113,30,264
140,169,17,172,23,181,33,1,144,145,4,171,27,148,21,5
209,287,220,184,301,186,115,222,286,105,114,208,292,195,111,194
90,118,142,83,92,98,88,105,80,108,141,85,81,143,136,87
7,209,2,249,52,50,46,47,262,260,221,224,17,4,219,248
70,177,291,176,75,137,179,293,144,287,147,140,74,73,302,178
241,36,273,61,275,272,58,38,277,235,62,234,246,39,57,41
261,26,103,242,245,263,19,240,111,255,21,237,97,22,254,116
184,250,11,264,191,15,66,68,189,193,256,3,64,8,63,258
117,130,297,99,49,296,129,290,106,126,294,55,127,43,110,51
139,195,138,181,102,171,183,109,132,114,107,145,168,167,186,192
34,53,54,217,216,174,220,211,24,170,42,29,44,165,18,180
27,104,304,182,194,307,100,303,115,188,113,308,32,23,190,33
229,267,232,30,279,276,233,269,270,266,278,31,20,231,25,268
321,158,251,122,257,120,326,162,252,155,157,322,247,123,119,319
287,53,89,49,308,93,285,291,90,307,43,50,300,91,305,303
263,8,31,19,214,222,1,258,253,3,5,18,262,208,32,212
115,299,126,68,128,289,66,293,102,64,108,129,127,63,99,295
193,264,182,177,175,10,4,15,176,252,259,247,186,171,12,194
322,326,81,120,57,61,119,62,58,85,321,121,324,125,80,84
74,113,109,40,37,179,181,166,78,111,76,38,73,117,170,36
189,277,270,241,246,185,275,234,188,26,33,187,279,34,238,22
137,20,191,152,21,284,301,190,192,302,27,148,296,146,29,184
196,174,114,97,221,172,206,224,104,213,103,168,199,217,202,167
55,157,162,155,42,46,229,231,233,106,112,232,110,161,44,100
201,200,203,197,178,51,52,273,272,180,54,165,276,47,271,169
268,218,133,144,269,250,219,248,266,143,145,220,265,249,216,257
141,53,99,51,136,139,118,54,110,251,112,45,247,253,140,262
134,135,278,158,270,280,272,161,261,254,147,249,151,154,157,258
1,126,303,86,4,304,306,80,7,84,129,308,6,85,127,130
229,232,132,148,290,231,122,301,120,124,296,133,233,146,121,300
17,9,16,206,191,196,200,192,190,202,322,319,186,13,326,324
116,188,29,106,131,138,183,182,113,185,103,31,145,34,19,143
177,250,166,248,14,175,27,8,2,21,12,257,18,263,25,178
293,256,91,268,289,292,269,252,260,291,265,87,264,88,266,89
211,284,219,43,302,173,49,181,288,209,297,169,48,46,220,167
213,149,117,208,216,144,240,114,246,142,222,150,238,104,115,245
52,60,55,62,47,73,57,199,203,70,78,197,59,50,76,201
237,39,10,298,36,234,287,5,299,41,295,11,235,3,242,35
300,118,92,82,84,296,86,83,110,285,91,89,114,113,294,88
30,68,19,324,321,65,211,66,221,326,325,219,33,25,217,64
231,214,56,58,229,62,233,212,36,232,60,37,40,224,39,218
127,277,130,251,262,5,128,1,278,258,11,259,276,272,13,126
305,22,43,303,150,48,26,20,24,306,145,308,142,52,51,140
180,271,275,174,196,273,280,201,177,199,203,137,141,175,132,139
54,253,42,49,256,250,301,287,197,200,254,202,206,286,50,299
237,27,32,152,135,192,187,144,23,238,194,242,28,148,240,189
119,166,289,261,172,247,123,291,290,121,260,288,165,176,125,252
298,7,134,302,53,292,46,149,143,44,136,15,6,9,297,47
73,14,209,169,4,78,216,167,8,74,179,173,213,76,220,16
255,265,263,162,267,154,12,155,264,268,3,266,10,257,157,17
126,199,276,206,196,41,129,200,38,36,127,273,275,130,37,271
1,149,9,162,7,116,158,111,154,157,6,109,131,133,136,105
238,23,218,25,103,216,242,30,234,217,213,108,18,240,117,101
183,177,305,192,194,299,185,306,174,304,294,293,297,169,179,303
51,48,52,107,86,110,98,114,85,292,298,80,82,296,47,290
125,124,178,184,88,93,170,168,187,87,186,171,89,120,182,121
233,326,231,324,254,106,118,319,229,260,97,250,252,232,112,322
188,203,20,10,31,201,4,34,2,197,32,191,202,3,195,193
139,220,5,175,147,13,152,166,219,212,176,222,167,144,17,14
65,258,22,264,63,263,19,300,255,29,301,67,284,302,21,68
26,15,27,251,249,8,257,262,16,211,209,24,28,208,11,221
74,280,274,57,58,77,270,62,268,59,267,265,76,266,70,272
91,89,80,140,142,1,83,136,81,84,17,7,5,147,90,87
144,261,247,177,170,178,9,254,6,151,169,256,4,11,135,149
186,192,107,253,118,306,257,308,188,303,114,252,111,263,305,195
286,12,105,216,16,14,10,290,293,212,211,220,99,113,300,116
255,245,301,235,258,42,49,47,249,45,240,237,264,291,284,288
20,275,277,276,76,200,279,27,78,77,203,21,74,196,197,24
34,173,280,165,182,271,183,272,171,185,274,174,32,19,190,30
22,61,112,63,58,23,60,18,25,117,62,65,102,104,64,66
232,267,38,36,231,35,189,229,187,191,269,39,268,193,265,233
221,217,260,172,209,262,176,166,43,219,251,180,46,248,55,48
120,319,202,125,126,130,124,129,324,121,127,322,201,199,321,206
287,154,158,208,296,179,297,175,302,161,218,181,222,155,224,167
59,91,129,128,88,60,184,58,92,187,89,57,127,185,130,190
28,181,31,177,175,297,19,300,30,103,288,99,105,299,107,176
75,246,240,289,287,73,76,16,4,302,245,17,290,77,12,234
101,165,167,186,102,166,194,140,138,142,133,195,171,115,183,100
196,277,202,206,44,48,180,197,170,51,168,45,274,271,169,273
6,86,2,85,308,82,306,304,13,119,121,124,125,305,11,81
241,266,319,237,321,324,269,267,137,235,238,326,141,143,150,268
112,222,149,10,147,136,8,214,114,151,220,9,7,104,110,209
286,270,301,98,111,295,113,66,278,280,68,275,108,64,291,67
260,201,250,173,172,178,199,252,203,248,296,200,292,293,294,179
24,18,5,26,182,188,191,38,37,39,192,15,14,40,21,1
155,157,52,232,32,33,47,229,154,43,233,231,23,162,50,25
46,201,49,235,45,263,197,240,249,245,261,246,203,264,202,43
11,199,196,5,87,38,88,4,40,206,93,200,92,35,37,16
143,292,269,268,291,150,286,166,170,137,265,176,267,296,144,181
154,158,180,15,232,3,165,2,1,167,161,231,229,155,233,175
322,184,192,63,321,319,271,324,188,278,66,67,273,270,186,65
194,284,59,299,289,183,134,61,190,57,149,62,140,298,187,151
290,242,300,84,130,128,293,80,237,83,238,301,82,241,129,127
109,250,106,152,255,141,302,248,99,139,114,294,133,254,285,295
77,307,208,306,70,73,75,308,53,52,211,214,216,47,51,303
174,256,44,247,54,55,171,253,222,168,212,178,251,50,224,220
259,25,120,257,209,217,252,258,213,27,20,124,121,122,221,32
6,12,135,31,274,10,275,17,131,277,29,30,145,23,146,279
261,30,116,285,262,286,25,288,114,249,110,31,287,21,252,98
234,297,54,300,246,45,49,255,245,250,264,302,46,256,301,238
200,89,267,199,34,90,91,197,22,29,33,202,266,268,269,88
19,85,13,27,84,26,18,167,179,12,165,82,80,2,166,14
231,43,203,326,48,229,50,201,321,196,232,233,206,319,324,51
240,280,257,3,251,237,242,254,10,7,271,277,248,16,272,235
219,59,56,178,75,78,70,176,169,212,211,57,62,220,171,73
145,306,189,208,185,131,184,308,209,303,139,224,307,183,218,149
8,247,170,177,11,175,1,259,289,17,173,260,253,295,284,290
150,217,213,117,4,101,9,15,222,5,97,216,151,141,112,142
140,67,63,195,44,42,186,190,64,136,144,192,143,52,53,66
291,154,124,155,161,273,122,119,274,279,162,293,294,121,276,298
246,245,306,254,196,202,307,240,201,308,260,303,242,263,197,251
122,191,195,125,2,121,6,124,8,231,233,232,1,229,189,185
14,9,176,136,180,199,206,141,200,11,174,203,135,15,178,148
60,81,265,325,80,322,83,326,57,86,268,62,266,319,267,56
252,259,212,28,213,26,25,296,262,250,224,27,301,292,217,302
90,253,13,36,87,40,249,39,41,248,17,89,256,93,16,3
149,107,221,211,99,114,179,132,111,172,216,171,151,175,219,147
29,184,299,33,290,186,285,10,194,4,20,188,288,32,12,5
162,181,270,275,168,154,166,280,64,63,66,173,67,158,271,161
31,23,133,49,237,55,234,238,140,146,235,51,150,34,54,30
192,24,193,293,220,291,18,22,298,287,187,222,209,182,214,19
272,257,277,126,129,258,76,73,278,130,261,279,128,78,264,77
184,183,121,86,188,84,194,140,83,124,141,125,85,123,144,142
199,211,46,220,234,217,43,242,237,201,245,48,42,206,216,202
5,301,105,286,99,19,27,1,287,29,4,25,13,293,103,115
273,279,185,247,170,165,178,280,193,180,253,271,260,192,187,261
32,303,299,20,18,208,289,305,304,28,209,294,308,218,224,302
91,272,195,62,57,190,88,56,191,274,278,270,60,186,93,92
154,23,77,73,161,36,155,30,70,21,31,35,39,74,38,157
240,24,117,100,26,269,267,33,241,266,118,238,104,235,22,268
16,109,54,114,50,53,221,214,101,49,222,213,14,9,110,8
200,251,176,249,2,203,6,197,179,173,11,262,3,168,196,252
181,111,296,297,107,169,97,298,10,167,112,17,300,12,175,15
248,232,229,264,324,325,64,63,326,255,231,321,233,68,65,258
150,29,254,263,23,168,166,30,142,131,176,251,140,169,18,259
292,14,21,27,17,12,287,180,25,20,172,10,165,289,174,288
197,267,269,266,200,88,93,80,92,91,85,201,268,81,206,86
260,220,62,213,248,209,216,60,58,257,119,122,123,124,56,258
264,217,250,154,221,54,162,48,247,42,161,44,211,218,158,255
271,70,275,39,38,41,40,78,222,219,278,212,280,208,76,75
296,301,139,15,112,107,117,13,5,7,137,114,135,286,144,298
2,63,68,285,4,291,64,1,167,284,173,294,66,181,175,6
187,229,182,232,11,8,199,196,231,3,194,233,203,202,190,16
276,325,238,245,273,319,50,241,45,242,55,326,274,53,322,277
178,179,49,52,46,127,171,126,130,302,300,129,170,297,299,43
304,307,252,240,249,246,189,186,306,237,192,235,262,195,305,256
109,105,273,117,287,45,42,53,300,48,275,284,98,270,274,302
128,27,130,28,196,197,126,166,181,200,129,171,202,33,176,19
43,286,289,30,57,18,46,20,297,60,22,59,52,62,295,44
183,304,49,307,305,47,213,306,185,222,55,209,217,192,193,50
235,238,248,66,100,67,101,102,255,64,234,261,65,260,116,240
268,266,38,319,267,221,211,324,265,326,208,35,212,325,40,41
112,150,155,74,148,73,157,133,136,154,106,75,158,70,113,107
249,219,293,125,218,299,220,250,251,285,214,291,123,122,247,120
187,190,88,90,91,92,263,173,252,177,258,180,189,256,186,175
288,142,146,147,14,16,24,31,2,298,21,17,294,296,26,141
246,86,233,203,229,241,82,231,237,232,80,206,85,199,201,245
194,272,115,184,118,253,182,254,111,257,195,278,276,271,264,97
247,249,235,242,238,124,261,246,103,121,120,125,262,105,107,118
229,11,17,3,233,9,53,44,188,42,231,191,193,232,185,55
287,5,90,291,278,284,279,10,88,270,1,92,16,299,274,87
197,23,24,65,26,172,167,200,19,173,67,203,63,68,166,206
82,75,73,77,211,212,272,85,273,222,74,275,81,220,276,83
136,321,38,126,127,37,36,128,146,322,130,137,40,319,149,324
308,307,171,303,170,305,154,161,180,58,61,157,174,155,57,60
260,46,48,2,194,250,182,184,50,253,12,195,258,4,45,14
268,255,259,199,252,267,196,266,217,213,216,201,254,269,219,202
221,218,189,190,186,187,177,6,176,8,165,224,13,175,7,214
54,32,251,150,52,51,43,257,132,151,263,18,22,145,256,27
141,148,116,169,114,29,142,168,178,34,33,140,106,104,181,31
257,249,34,18,253,206,200,285,286,196,293,199,22,24,252,300
3,308,62,17,56,9,304,219,306,1,61,218,305,217,60,220
40,287,322,64,67,65,36,326,35,324,290,325,302,63,298,39
115,46,29,45,118,48,178,33,170,21,20,102,51,180,174,97
280,275,254,203,258,157,202,261,260,270,154,276,201,161,158,197
222,194,190,186,168,208,171,242,169,211,182,212,241,175,246,237
93,240,6,245,55,49,234,92,5,7,90,238,54,52,8,89
15,113,125,120,122,12,14,50,107,43,124,4,103,44,53,114
184,229,16,2,231,192,188,179,165,232,233,181,10,11,189,166
126,128,294,272,271,82,299,296,129,130,273,295,84,86,80,278
144,269,266,268,262,255,173,176,167,250,172,143,264,141,265,132
291,151,263,78,248,289,251,140,74,136,288,256,133,73,75,297
103,111,273,131,172,175,278,169,115,132,277,114,144,180,270,152
52,266,42,101,237,106,238,51,49,109,268,246,267,265,242,105
28,44,18,43,53,199,201,162,200,155,154,19,202,23,157,46
36,58,11,34,2,56,24,38,57,4,39,20,33,9,37,61
232,206,7,229,12,213,16,203,1,208,196,233,217,197,212,231
253,191,194,142,179,186,195,133,138,165,173,174,250,260,248,140
124,21,82,303,25,304,80,85,308,123,121,81,306,125,22,26
168,235,108,98,166,117,99,139,240,141,234,134,181,178,241,135
32,3,30,143,78,6,145,136,77,17,74,149,15,76,31,29
146,128,127,130,219,150,183,193,211,126,216,192,188,148,147,221
10,64,190,97,5,112,118,104,185,187,65,63,14,8,66,184
326,87,324,116,107,325,88,113,102,48,92,54,47,322,55,91
128,129,58,127,62,130,173,60,175,217,61,209,178,218,214,180
234,216,270,219,222,5,278,280,237,277,240,213,8,245,10,9
247,251,196,172,203,171,249,199,202,119,125,179,254,121,123,174
169,184,13,3,55,195,48,6,54,190,165,7,168,192,170,42
31,12,242,246,241,189,238,191,185,2,24,28,4,17,19,182
43,253,108,279,47,276,252,102,250,100,112,274,53,264,272,52
161,145,158,144,137,303,155,232,229,231,308,233,140,162,305,306
291,287,138,89,293,134,150,91,14,88,1,11,92,290,15,133
295,269,139,263,265,151,296,294,131,146,260,299,255,268,261,267
148,22,44,147,49,51,30,194,188,50,183,187,152,32,21,132
82,103,113,206,66,197,114,85,65,84,68,115,83,201,200,67
322,319,166,256,76,176,70,262,75,326,248,321,177,167,77,259
241,61,257,261,246,245,56,13,11,5,57,235,6,254,252,58
104,184,123,113,186,179,195,124,188,112,171,115,175,125,119,174
259,176,271,279,256,238,172,242,251,237,278,270,167,234,260,178
81,292,249,247,84,191,262,189,299,86,248,301,185,295,192,82
139,35,162,155,93,89,133,92,40,41,158,38,154,87,132,144
200,294,169,166,300,287,289,275,277,165,199,280,181,206,201,273
8,34,253,146,136,255,9,2,12,26,250,131,258,149,23,18
152,20,48,145,147,54,27,22,65,67,55,31,66,68,47,151
17,77,1,16,46,322,42,44,4,70,50,321,319,76,73,325
168,32,51,170,28,233,21,52,43,49,231,173,33,180,232,229
19,190,217,284,297,212,293,218,182,30,285,194,29,193,25,209
126,3,148,219,142,216,143,10,15,221,128,213,129,135,127,14
206,229,65,84,63,66,64,202,80,86,81,200,232,199,231,233
241,326,240,234,224,213,274,245,216,270,321,324,275,325,279,212
54,242,51,278,235,237,189,42,50,193,185,182,280,276,272,238
154,197,59,162,130,126,57,127,196,60,61,201,203,129,161,155
26,21,77,217,75,29,43,73,220,44,211,53,219,55,70,33
195,187,177,308,297,291,191,183,305,179,302,174,169,306,296,304
46,222,99,32,47,221,218,103,208,22,45,20,117,25,48,115
97,287,125,101,124,188,120,194,186,190,113,293,114,123,295,286
4,259,12,105,151,255,254,109,141,140,16,104,248,100,145,15
90,19,133,87,92,152,112,116,31,18,27,93,148,106,98,147
251,247,30,28,139,23,3,144,5,135,258,34,261,13,1,134
107,268,118,110,40,39,267,266,269,301,292,38,298,288,36,111
168,249,1,172,13,6,250,123,176,252,119,121,247,120,5,180
218,248,275,255,293,284,221,272,273,270,212,295,300,261,213,256
208,165,167,197,169,173,321,325,200,326,199,319,211,220,214,196
22,19,237,234,186,297,24,292,294,289,182,191,246,188,27,241
20,23,42,33,18,48,192,44,195,185,141,151,187,147,51,140
166,181,254,4,12,29,7,175,178,26,30,32,251,15,260,262
209,264,60,58,61,257,219,253,259,217,148,146,152,145,216,62
306,10,88,307,92,308,184,90,3,16,305,189,91,194,11,193
154,52,158,34,162,46,47,53,35,161,25,36,31,41,28,40
231,229,291,134,280,142,288,301,233,143,139,232,279,287,276,271
130,50,267,64,126,55,129,45,268,127,68,43,265,266,65,67
9,17,201,75,206,202,8,171,14,177,179,174,78,76,74,203
78,220,265,196,70,74,268,269,206,266,73,201,202,221,222,209
184,118,111,195,37,16,110,15,192,36,40,1,39,188,108,8
135,5,292,138,298,50,11,294,143,149,46,300,42,12,2,43
297,62,126,303,307,60,56,291,128,287,130,61,127,301,306,305
92,10,171,181,91,224,213,173,172,9,216,218,88,7,4,93
191,212,197,190,193,208,47,51,52,217,185,199,200,203,219,45
179,124,125,178,120,233,322,167,123,319,165,326,321,231,229,232
275,114,18,262,270,257,273,109,100,29,99,271,31,264,247,23
13,3,166,101,240,234,107,112,168,98,237,180,17,6,241,170
169,146,174,235,246,245,238,139,177,147,288,176,289,140,296,286
155,144,280,22,33,276,131,21,20,150,161,157,277,151,272,154
104,82,68,80,105,285,116,86,284,293,117,81,64,66,65,295
49,174,171,51,47,43,184,212,195,188,182,178,221,179,224,211
127,325,130,24,19,33,4,16,129,18,319,3,17,322,126,321
67,120,122,55,216,53,125,50,119,66,68,218,46,217,63,209
177,166,36,41,263,222,214,247,259,208,35,172,165,220,38,249
57,61,107,273,272,103,235,238,58,246,60,240,106,278,276,100
23,231,87,92,233,90,25,256,229,21,232,253,260,257,28,88
162,78,155,74,70,161,101,274,275,270,271,113,73,157,118,110
98,30,15,196,117,12,31,13,97,1,116,29,200,197,32,203
264,22,85,81,308,27,303,250,83,84,262,307,248,20,26,304
108,252,99,297,189,191,114,299,291,254,258,105,192,292,194,261
241,265,234,237,266,269,112,267,102,104,173,168,242,176,181,109
206,44,170,167,10,202,180,201,169,6,11,45,199,8,52,54
99,102,172,299,233,179,111,295,98,181,298,231,229,232,180,292
197,260,117,206,7,97,10,255,104,257,201,5,200,254,103,1
272,277,273,30,23,220,211,221,278,53,49,33,22,44,209,52
214,129,319,152,222,216,130,127,321,126,139,137,325,326,133,212
113,167,109,166,110,20,105,34,256,258,168,251,259,21,176,31
151,138,250,264,286,83,85,291,148,249,150,84,296,261,300,86
269,265,262,248,270,252,274,125,122,276,247,123,121,279,266,267
29,38,37,305,306,93,24,39,304,308,92,27,41,18,89,88
294,43,290,287,46,68,55,63,194,191,65,182,54,67,184,288
171,26,107,116,48,173,28,50,114,47,32,177,42,165,101,19
301,202,170,190,284,178,293,193,203,186,289,183,196,174,199,175
73,6,78,57,161,2,155,62,8,157,58,17,70,76,154,56
20,218,209,222,30,6,4,11,171,178,208,179,166,28,8,21
307,130,127,129,50,303,296,42,295,294,126,53,308,49,304,293
301,291,184,5,190,149,195,12,134,142,189,298,16,297,15,140
290,97,151,300,181,99,138,105,177,285,284,152,150,168,108,167
162,240,246,319,321,234,158,161,185,325,235,326,194,191,155,182
287,22,139,31,271,277,289,292,131,288,278,135,272,27,33,133
80,84,52,29,276,34,280,24,43,55,81,32,44,274,83,279
269,242,60,124,57,266,241,245,265,61,59,120,122,238,125,268
193,165,176,175,180,188,224,217,229,183,220,219,233,187,231,232
73,75,74,77,174,87,93,172,2,92,90,170,9,1,173,17
26,196,67,216,68,221,200,19,213,203,214,202,65,63,23,25
45,141,51,3,46,7,14,148,13,136,48,37,38,132,40,35
8,137,16,279,275,246,6,273,148,131,2,238,241,237,276,132
133,62,139,56,90,121,60,58,119,92,87,120,141,123,136,93
306,304,11,17,128,33,308,18,130,5,30,307,127,126,25,14
77,161,211,111,216,219,75,220,106,157,154,162,112,118,70,74
46,232,233,234,231,49,208,235,214,50,245,229,240,217,213,54
116,39,265,268,191,187,37,266,99,190,269,103,40,186,41,100
248,109,182,184,296,285,252,102,195,295,260,98,289,101,188,256
32,322,29,12,53,324,47,1,319,52,45,326,20,23,10,4
34,48,300,301,27,22,51,196,291,200,202,197,55,42,294,26
288,13,28,293,299,7,302,107,21,24,115,108,31,15,3,104
185,298,142,192,257,193,247,143,249,150,290,286,134,287,258,194
250,221,280,264,259,83,255,278,209,80,81,86,277,222,274,224
126,130,13,58,129,59,90,56,88,12,60,7,91,92,127,9
110,221,211,273,112,133,217,97,146,271,108,276,148,270,151,212
117,235,116,245,218,140,134,213,214,240,145,132,219,99,237,102
46,174,188,21,44,33,52,186,182,29,32,187,167,42,168,175
122,197,291,199,64,297,302,63,121,66,202,292,123,120,196,65
265,15,267,53,55,266,51,16,161,157,43,5,158,268,155,3
104,118,54,209,45,189,208,195,220,100,184,224,193,103,47,48
285,296,261,24,178,30,26,181,295,249,253,172,19,260,288,179
84,200,6,78,75,203,17,201,2,85,70,83,206,73,14,80
256,293,38,286,284,321,294,35,319,248,39,247,36,326,324,259
113,105,305,290,299,279,308,306,107,289,278,304,301,272,98,274
141,150,4,147,176,136,258,177,250,11,257,10,263,173,180,1
238,141,235,216,221,53,51,143,214,220,50,237,152,245,142,52
54,208,212,42,217,231,117,45,219,229,104,49,232,110,233,116
322,325,321,66,200,172,319,201,174,202,63,64,196,65,180,169
93,90,10,305,284,8,15,303,304,295,87,11,300,91,307,299
80,165,171,251,256,114,181,250,86,118,103,82,260,173,85,99
209,211,175,263,179,128,261,247,258,129,167,127,177,126,222,213
33,189,296,21,289,193,192,120,288,293,124,22,119,121,25,194
168,43,26,27,60,55,23,47,30,176,178,48,58,170,59,56
76,197,70,278,75,187,275,206,199,203,186,195,279,183,277,74
161,157,41,150,268,269,135,265,40,162,155,37,266,38,134,148
98,32,1,113,16,24,257,18,5,7,264,34,100,259,102,254
302,147,139,292,262,145,253,246,301,242,252,291,138,241,248,240
