12
13
11
11
12
6
10
7
12
12
9
5
4
5
9
5
6
9
5
5
8
9
9
14
6
6
6
6
6
5
6
6
4
4
4
6
4
8
5
6
8
5
6
9
6
8
1
7
3
4
6
5
4
4
5
7
4
8
3
14
12
10
12
10
9
7
12
7
3
5
5
7
6
6
2
6
5
4
5
10
6
3
10
11
10
10
7
7
8
6
3
3
5
4
6
8
6
5
10
9
6
5
4
7
7
13
5
12
2
10
4
8
5
8
11
4
9
9
6
6
7
6
5
9
6
6
5
4
3
3
3
3
6
6
3
6
6
5
5
6
4
6
6
5
11
14
14
11
14
12
3
9
9
12
8
8
12
13
12
9
12
9
8
3
3
3
4
1
14
7
5
2
4
5
7
5
7
7
10
10
11
7
5
7
7
9
6
7
7
10
10
10
7
7
8
3
7
10
4
6
5
7
4
7
7
14
14
13
12
14
12
13
14
13
12
11
5
10
14
14
11
14
13
6
11
10
8
13
9
9
8
7
11
8
11
5
7
9
8
6
9
10
8
10
5
9
12
13
11
12
9
14
12
12
13
11
12
6
11
14
13
14
11
13
13
13
14
9
12
8
2
7
4
7
6
4
5
8
10
10
10
3
11
14
6
13
13
14
9
9
5
11
7
2
5
8
10
9
7
9
6
7
8
11
7
6
10
10
7
5
12
9
9
5
4
6
9
5
11
12
8
6
6
9
8
9
9
5
9
10
6
9
5
8
6
6
11
7
8
11
10
10
7
7
7
9
8
10
9
4
10
9
5
10
14
10
9
13
9
6
8
3
5
7
6
7
3
5
1
5
6
7
7
4
1
6
6
3
4
4
1
4
3
11
11
3
9
9
6
8
8
7
7
7
5
4
6
4
4
13
5
4
13
5
12
12
10
9
6
8
9
3
3
12
11
13
13
13
14
10
10
8
10
7
6
5
6
10
3
6
5
5
3
2
4
10
6
5
8
9
13
8
6
6
10
4
12
5
7
13
11
13
13
12
14
7
11
13
8
11
7
6
10
5
6
6
7
7
4
3
7
4
13
13
12
10
12
10
9
13
11
13
10
5
5
6
4
3
5
6
6
2
3
2
5
4
4
3
5
3
4
5
4
5
6
8
7
8
7
9
6
9
3
6
5
11
6
9
6
6
7
5
6
