49924
61072
25325
36213
38182
30692
51510
38856
88782
38747
38226
13294
60326
38779
48146
28066
22938
17125
19143
21421
65878
43689
56891
46921
52162
58465
47743
74048
24493
55853
52560
54959
50936
67639
32795
41870
68415
13154
16545
19821
42540
20669
16585
12362
39606
71623
76095
61151
60965
55291
59832
59193
45601
63272
57983
60275
70631
74440
78846
48561
62693
50036
69791
54068
17610
23146
42301
32191
34951
30427
51867
27479
31393
42489
29582
26806
29097
34016
37589
33204
26012
16737
54202
48329
59428
30433
23048
23581
47175
43683
41404
40825
51554
51522
55953
52994
49629
31148
35894
23920
59984
50168
36203
45172
44850
39623
44175
48051
72141
25203
64507
50351
40870
85478
84569
73876
63371
49085
62523
53029
45715
34579
60722
47826
47816
59160
70649
47850
33295
46242
68075
40359
38065
26381
69259
29130
28358
29036
30141
41078
31939
15472
16591
23935
33308
36355
45224
26371
45335
23101
65355
28257
18640
42189
43753
61987
40923
24573
42327
45152
44970
37830
54126
40480
35463
29843
45126
34861
25518
31633
37125
38316
28477
34782
46485
37144
50531
36267
42613
87127
56878
38102
81957
56842
33197
27327
32819
33848
31901
46420
33611
28934
22800
21098
47314
39222
54819
52347
43044
62867
55641
68821
79269
64712
60201
51705
44200
50329
48379
38911
36432
61363
45528
73602
42270
54430
59602
69497
62174
68615
34799
28025
34885
32780
55801
43339
40106
36094
35409
28452
37654
54868
40573
34591
48121
36452
36637
53940
40730
60544
61117
43994
35937
49843
34593
40272
34988
41036
40949
36855
37374
27252
34191
84669
28196
41371
46193
40759
38522
49718
30856
48920
38867
39964
25441
15640
33621
38219
30472
39426
17218
35593
30761
23653
88664
58821
48261
37530
59894
69066
33979
68616
56011
25331
40383
47934
54152
33763
62171
58865
41975
77872
64006
54388
48488
65458
86921
78961
73149
88773
87138
31847
17026
40687
25455
20661
33149
39681
19718
22568
19410
21220
87975
71263
47443
36105
29233
35328
46639
36838
31424
34374
48279
32159
