104,106,9,0,0,0,0,0,0,0,0,0,0,0,0,0
302,0,0,0,0,0,0,0,0,0,0,0,0,0,0,0
307,308,0,0,0,0,0,0,0,0,0,0,0,0,0,0
290,0,0,0,0,0,0,0,0,0,0,0,0,0,0,0
113,0,0,0,0,0,0,0,0,0,0,0,0,0,0,0
249,127,0,0,0,0,0,0,0,0,0,0,0,0,0,0
83,0,0,0,0,0,0,0,0,0,0,0,0,0,0,0
1,0,0,0,0,0,0,0,0,0,0,0,0,0,0,0
325,0,0,0,0,0,0,0,0,0,0,0,0,0,0,0
213,0,0,0,0,0,0,0,0,0,0,0,0,0,0,0
278,149,106,182,0,0,0,0,0,0,0,0,0,0,0,0
34,98,0,0,0,0,0,0,0,0,0,0,0,0,0,0
146,0,0,0,0,0,0,0,0,0,0,0,0,0,0,0
261,0,0,0,0,0,0,0,0,0,0,0,0,0,0,0
325,0,0,0,0,0,0,0,0,0,0,0,0,0,0,0
267,0,0,0,0,0,0,0,0,0,0,0,0,0,0,0
214,0,0,0,0,0,0,0,0,0,0,0,0,0,0,0
81,0,0,0,0,0,0,0,0,0,0,0,0,0,0,0
88,0,0,0,0,0,0,0,0,0,0,0,0,0,0,0
145,0,0,0,0,0,0,0,0,0,0,0,0,0,0,0
301,0,0,0,0,0,0,0,0,0,0,0,0,0,0,0
279,0,0,0,0,0,0,0,0,0,0,0,0,0,0,0
86,0,0,0,0,0,0,0,0,0,0,0,0,0,0,0
52,0,0,0,0,0,0,0,0,0,0,0,0,0,0,0
161,0,0,0,0,0,0,0,0,0,0,0,0,0,0,0
174,0,0,0,0,0,0,0,0,0,0,0,0,0,0,0
187,13,0,0,0,0,0,0,0,0,0,0,0,0,0,0
65,0,0,0,0,0,0,0,0,0,0,0,0,0,0,0
231,233,0,0,0,0,0,0,0,0,0,0,0,0,0,0
131,0,0,0,0,0,0,0,0,0,0,0,0,0,0,0
237,0,0,0,0,0,0,0,0,0,0,0,0,0,0,0
109,0,0,0,0,0,0,0,0,0,0,0,0,0,0,0
169,0,0,0,0,0,0,0,0,0,0,0,0,0,0,0
28,0,0,0,0,0,0,0,0,0,0,0,0,0,0,0
255,175,0,0,0,0,0,0,0,0,0,0,0,0,0,0
19,237,0,0,0,0,0,0,0,0,0,0,0,0,0,0
75,0,0,0,0,0,0,0,0,0,0,0,0,0,0,0
218,127,129,0,0,0,0,0,0,0,0,0,0,0,0,0
188,0,0,0,0,0,0,0,0,0,0,0,0,0,0,0
299,0,0,0,0,0,0,0,0,0,0,0,0,0,0,0
3,10,0,0,0,0,0,0,0,0,0,0,0,0,0,0
67,63,0,0,0,0,0,0,0,0,0,0,0,0,0,0
17,14,0,0,0,0,0,0,0,0,0,0,0,0,0,0
62,104,99,0,0,0,0,0,0,0,0,0,0,0,0,0
45,44,130,0,0,0,0,0,0,0,0,0,0,0,0,0
135,0,0,0,0,0,0,0,0,0,0,0,0,0,0,0
233,0,0,0,0,0,0,0,0,0,0,0,0,0,0,0
74,0,0,0,0,0,0,0,0,0,0,0,0,0,0,0
189,0,0,0,0,0,0,0,0,0,0,0,0,0,0,0
5,0,0,0,0,0,0,0,0,0,0,0,0,0,0,0
322,326,0,0,0,0,0,0,0,0,0,0,0,0,0,0
23,214,216,44,0,0,0,0,0,0,0,0,0,0,0,0
131,0,0,0,0,0,0,0,0,0,0,0,0,0,0,0
274,0,0,0,0,0,0,0,0,0,0,0,0,0,0,0
12,0,0,0,0,0,0,0,0,0,0,0,0,0,0,0
321,0,0,0,0,0,0,0,0,0,0,0,0,0,0,0
256,0,0,0,0,0,0,0,0,0,0,0,0,0,0,0
196,0,0,0,0,0,0,0,0,0,0,0,0,0,0,0
264,0,0,0,0,0,0,0,0,0,0,0,0,0,0,0
152,0,0,0,0,0,0,0,0,0,0,0,0,0,0,0
80,222,0,0,0,0,0,0,0,0,0,0,0,0,0,0
185,0,0,0,0,0,0,0,0,0,0,0,0,0,0,0
30,0,0,0,0,0,0,0,0,0,0,0,0,0,0,0
305,0,0,0,0,0,0,0,0,0,0,0,0,0,0,0
303,29,64,68,67,212,216,0,0,0,0,0,0,0,0,0
175,166,0,0,0,0,0,0,0,0,0,0,0,0,0,0
238,224,0,0,0,0,0,0,0,0,0,0,0,0,0,0
31,21,178,13,0,0,0,0,0,0,0,0,0,0,0,0
20,0,0,0,0,0,0,0,0,0,0,0,0,0,0,0
326,92,0,0,0,0,0,0,0,0,0,0,0,0,0,0
102,0,0,0,0,0,0,0,0,0,0,0,0,0,0,0
218,0,0,0,0,0,0,0,0,0,0,0,0,0,0,0
270,43,0,0,0,0,0,0,0,0,0,0,0,0,0,0
291,0,0,0,0,0,0,0,0,0,0,0,0,0,0,0
211,219,0,0,0,0,0,0,0,0,0,0,0,0,0,0
118,0,0,0,0,0,0,0,0,0,0,0,0,0,0,0
63,265,64,0,0,0,0,0,0,0,0,0,0,0,0,0
84,0,0,0,0,0,0,0,0,0,0,0,0,0,0,0
8,0,0,0,0,0,0,0,0,0,0,0,0,0,0,0
2,6,0,0,0,0,0,0,0,0,0,0,0,0,0,0
182,0,0,0,0,0,0,0,0,0,0,0,0,0,0,0
41,0,0,0,0,0,0,0,0,0,0,0,0,0,0,0
97,128,115,0,0,0,0,0,0,0,0,0,0,0,0,0
37,0,0,0,0,0,0,0,0,0,0,0,0,0,0,0
24,26,33,53,0,0,0,0,0,0,0,0,0,0,0,0
127,129,0,0,0,0,0,0,0,0,0,0,0,0,0,0
174,0,0,0,0,0,0,0,0,0,0,0,0,0,0,0
214,216,0,0,0,0,0,0,0,0,0,0,0,0,0,0
319,0,0,0,0,0,0,0,0,0,0,0,0,0,0,0
134,0,0,0,0,0,0,0,0,0,0,0,0,0,0,0
183,0,0,0,0,0,0,0,0,0,0,0,0,0,0,0
18,0,0,0,0,0,0,0,0,0,0,0,0,0,0,0
300,0,0,0,0,0,0,0,0,0,0,0,0,0,0,0
145,147,0,0,0,0,0,0,0,0,0,0,0,0,0,0
194,0,0,0,0,0,0,0,0,0,0,0,0,0,0,0
22,0,0,0,0,0,0,0,0,0,0,0,0,0,0,0
237,119,0,0,0,0,0,0,0,0,0,0,0,0,0,0
141,149,0,0,0,0,0,0,0,0,0,0,0,0,0,0
87,0,0,0,0,0,0,0,0,0,0,0,0,0,0,0
247,0,0,0,0,0,0,0,0,0,0,0,0,0,0,0
301,0,0,0,0,0,0,0,0,0,0,0,0,0,0,0
191,55,0,0,0,0,0,0,0,0,0,0,0,0,0,0
253,250,6,0,0,0,0,0,0,0,0,0,0,0,0,0
5,0,0,0,0,0,0,0,0,0,0,0,0,0,0,0
38,126,40,0,0,0,0,0,0,0,0,0,0,0,0,0
214,0,0,0,0,0,0,0,0,0,0,0,0,0,0,0
31,0,0,0,0,0,0,0,0,0,0,0,0,0,0,0
291,0,0,0,0,0,0,0,0,0,0,0,0,0,0,0
185,0,0,0,0,0,0,0,0,0,0,0,0,0,0,0
266,0,0,0,0,0,0,0,0,0,0,0,0,0,0,0
30,21,28,0,0,0,0,0,0,0,0,0,0,0,0,0
168,103,99,113,110,0,0,0,0,0,0,0,0,0,0,0
324,2,0,0,0,0,0,0,0,0,0,0,0,0,0,0
56,0,0,0,0,0,0,0,0,0,0,0,0,0,0,0
167,0,0,0,0,0,0,0,0,0,0,0,0,0,0,0
85,0,0,0,0,0,0,0,0,0,0,0,0,0,0,0
253,0,0,0,0,0,0,0,0,0,0,0,0,0,0,0
48,42,0,0,0,0,0,0,0,0,0,0,0,0,0,0
274,0,0,0,0,0,0,0,0,0,0,0,0,0,0,0
44,321,0,0,0,0,0,0,0,0,0,0,0,0,0,0
260,59,0,0,0,0,0,0,0,0,0,0,0,0,0,0
129,126,128,93,90,92,0,0,0,0,0,0,0,0,0,0
39,0,0,0,0,0,0,0,0,0,0,0,0,0,0,0
176,0,0,0,0,0,0,0,0,0,0,0,0,0,0,0
169,32,0,0,0,0,0,0,0,0,0,0,0,0,0,0
135,100,0,0,0,0,0,0,0,0,0,0,0,0,0,0
262,251,0,0,0,0,0,0,0,0,0,0,0,0,0,0
172,217,0,0,0,0,0,0,0,0,0,0,0,0,0,0
298,296,182,0,0,0,0,0,0,0,0,0,0,0,0,0
80,86,0,0,0,0,0,0,0,0,0,0,0,0,0,0
201,0,0,0,0,0,0,0,0,0,0,0,0,0,0,0
268,266,188,0,0,0,0,0,0,0,0,0,0,0,0,0
322,0,0,0,0,0,0,0,0,0,0,0,0,0,0,0
235,130,165,0,0,0,0,0,0,0,0,0,0,0,0,0
248,0,0,0,0,0,0,0,0,0,0,0,0,0,0,0
52,6,12,4,0,0,0,0,0,0,0,0,0,0,0,0
131,135,52,0,0,0,0,0,0,0,0,0,0,0,0,0
196,0,0,0,0,0,0,0,0,0,0,0,0,0,0,0
298,73,154,37,0,0,0,0,0,0,0,0,0,0,0,0
253,0,0,0,0,0,0,0,0,0,0,0,0,0,0,0
32,19,21,118,0,0,0,0,0,0,0,0,0,0,0,0
126,130,271,0,0,0,0,0,0,0,0,0,0,0,0,0
233,0,0,0,0,0,0,0,0,0,0,0,0,0,0,0
224,217,0,0,0,0,0,0,0,0,0,0,0,0,0,0
113,0,0,0,0,0,0,0,0,0,0,0,0,0,0,0
245,0,0,0,0,0,0,0,0,0,0,0,0,0,0,0
23,90,0,0,0,0,0,0,0,0,0,0,0,0,0,0
54,42,304,46,0,0,0,0,0,0,0,0,0,0,0,0
256,0,0,0,0,0,0,0,0,0,0,0,0,0,0,0
224,218,170,180,0,0,0,0,0,0,0,0,0,0,0,0
278,0,0,0,0,0,0,0,0,0,0,0,0,0,0,0
189,141,213,0,0,0,0,0,0,0,0,0,0,0,0,0
201,0,0,0,0,0,0,0,0,0,0,0,0,0,0,0
80,84,253,0,0,0,0,0,0,0,0,0,0,0,0,0
6,3,0,0,0,0,0,0,0,0,0,0,0,0,0,0
291,0,0,0,0,0,0,0,0,0,0,0,0,0,0,0
321,0,0,0,0,0,0,0,0,0,0,0,0,0,0,0
188,87,175,180,0,0,0,0,0,0,0,0,0,0,0,0
161,229,0,0,0,0,0,0,0,0,0,0,0,0,0,0
279,303,0,0,0,0,0,0,0,0,0,0,0,0,0,0
54,80,81,53,0,0,0,0,0,0,0,0,0,0,0,0
266,102,0,0,0,0,0,0,0,0,0,0,0,0,0,0
259,70,143,138,133,0,0,0,0,0,0,0,0,0,0,0
173,0,0,0,0,0,0,0,0,0,0,0,0,0,0,0
4,0,0,0,0,0,0,0,0,0,0,0,0,0,0,0
285,0,0,0,0,0,0,0,0,0,0,0,0,0,0,0
115,0,0,0,0,0,0,0,0,0,0,0,0,0,0,0
218,219,208,221,0,0,0,0,0,0,0,0,0,0,0,0
322,0,0,0,0,0,0,0,0,0,0,0,0,0,0,0
23,128,0,0,0,0,0,0,0,0,0,0,0,0,0,0
268,303,0,0,0,0,0,0,0,0,0,0,0,0,0,0
3,0,0,0,0,0,0,0,0,0,0,0,0,0,0,0
32,0,0,0,0,0,0,0,0,0,0,0,0,0,0,0
46,0,0,0,0,0,0,0,0,0,0,0,0,0,0,0
47,0,0,0,0,0,0,0,0,0,0,0,0,0,0,0
91,0,0,0,0,0,0,0,0,0,0,0,0,0,0,0
252,242,0,0,0,0,0,0,0,0,0,0,0,0,0,0
11,0,0,0,0,0,0,0,0,0,0,0,0,0,0,0
265,0,0,0,0,0,0,0,0,0,0,0,0,0,0,0
291,319,0,0,0,0,0,0,0,0,0,0,0,0,0,0
180,0,0,0,0,0,0,0,0,0,0,0,0,0,0,0
116,12,0,0,0,0,0,0,0,0,0,0,0,0,0,0
251,248,264,0,0,0,0,0,0,0,0,0,0,0,0,0
99,0,0,0,0,0,0,0,0,0,0,0,0,0,0,0
81,0,0,0,0,0,0,0,0,0,0,0,0,0,0,0
37,0,0,0,0,0,0,0,0,0,0,0,0,0,0,0
90,0,0,0,0,0,0,0,0,0,0,0,0,0,0,0
300,0,0,0,0,0,0,0,0,0,0,0,0,0,0,0
172,267,0,0,0,0,0,0,0,0,0,0,0,0,0,0
224,0,0,0,0,0,0,0,0,0,0,0,0,0,0,0
30,0,0,0,0,0,0,0,0,0,0,0,0,0,0,0
194,0,0,0,0,0,0,0,0,0,0,0,0,0,0,0
15,0,0,0,0,0,0,0,0,0,0,0,0,0,0,0
279,119,200,0,0,0,0,0,0,0,0,0,0,0,0,0
234,238,0,0,0,0,0,0,0,0,0,0,0,0,0,0
126,165,129,0,0,0,0,0,0,0,0,0,0,0,0,0
263,247,249,0,0,0,0,0,0,0,0,0,0,0,0,0
29,27,18,0,0,0,0,0,0,0,0,0,0,0,0,0
260,256,175,176,0,0,0,0,0,0,0,0,0,0,0,0
97,0,0,0,0,0,0,0,0,0,0,0,0,0,0,0
209,222,220,218,0,0,0,0,0,0,0,0,0,0,0,0
178,181,180,0,0,0,0,0,0,0,0,0,0,0,0,0
304,0,0,0,0,0,0,0,0,0,0,0,0,0,0,0
35,41,0,0,0,0,0,0,0,0,0,0,0,0,0,0
128,129,0,0,0,0,0,0,0,0,0,0,0,0,0,0
162,0,0,0,0,0,0,0,0,0,0,0,0,0,0,0
304,306,0,0,0,0,0,0,0,0,0,0,0,0,0,0
132,0,0,0,0,0,0,0,0,0,0,0,0,0,0,0
142,168,0,0,0,0,0,0,0,0,0,0,0,0,0,0
267,269,0,0,0,0,0,0,0,0,0,0,0,0,0,0
242,0,0,0,0,0,0,0,0,0,0,0,0,0,0,0
302,0,0,0,0,0,0,0,0,0,0,0,0,0,0,0
208,222,0,0,0,0,0,0,0,0,0,0,0,0,0,0
52,0,0,0,0,0,0,0,0,0,0,0,0,0,0,0
135,0,0,0,0,0,0,0,0,0,0,0,0,0,0,0
294,288,121,0,0,0,0,0,0,0,0,0,0,0,0,0
258,3,249,259,4,0,0,0,0,0,0,0,0,0,0,0
1,39,0,0,0,0,0,0,0,0,0,0,0,0,0,0
263,211,189,213,0,0,0,0,0,0,0,0,0,0,0,0
127,14,50,0,0,0,0,0,0,0,0,0,0,0,0,0
176,0,0,0,0,0,0,0,0,0,0,0,0,0,0,0
91,240,87,238,0,0,0,0,0,0,0,0,0,0,0,0
325,0,0,0,0,0,0,0,0,0,0,0,0,0,0,0
67,201,0,0,0,0,0,0,0,0,0,0,0,0,0,0
185,295,194,0,0,0,0,0,0,0,0,0,0,0,0,0
78,43,118,0,0,0,0,0,0,0,0,0,0,0,0,0
154,161,319,63,326,0,0,0,0,0,0,0,0,0,0,0
217,0,0,0,0,0,0,0,0,0,0,0,0,0,0,0
292,8,10,0,0,0,0,0,0,0,0,0,0,0,0,0
304,0,0,0,0,0,0,0,0,0,0,0,0,0,0,0
57,144,0,0,0,0,0,0,0,0,0,0,0,0,0,0
108,0,0,0,0,0,0,0,0,0,0,0,0,0,0,0
212,221,254,0,0,0,0,0,0,0,0,0,0,0,0,0
270,233,0,0,0,0,0,0,0,0,0,0,0,0,0,0
29,0,0,0,0,0,0,0,0,0,0,0,0,0,0,0
17,0,0,0,0,0,0,0,0,0,0,0,0,0,0,0
212,0,0,0,0,0,0,0,0,0,0,0,0,0,0,0
181,0,0,0,0,0,0,0,0,0,0,0,0,0,0,0
129,34,0,0,0,0,0,0,0,0,0,0,0,0,0,0
37,0,0,0,0,0,0,0,0,0,0,0,0,0,0,0
44,54,55,0,0,0,0,0,0,0,0,0,0,0,0,0
149,0,0,0,0,0,0,0,0,0,0,0,0,0,0,0
91,267,266,259,0,0,0,0,0,0,0,0,0,0,0,0
27,0,0,0,0,0,0,0,0,0,0,0,0,0,0,0
274,0,0,0,0,0,0,0,0,0,0,0,0,0,0,0
179,0,0,0,0,0,0,0,0,0,0,0,0,0,0,0
306,0,0,0,0,0,0,0,0,0,0,0,0,0,0,0
173,0,0,0,0,0,0,0,0,0,0,0,0,0,0,0
149,0,0,0,0,0,0,0,0,0,0,0,0,0,0,0
185,0,0,0,0,0,0,0,0,0,0,0,0,0,0,0
39,40,0,0,0,0,0,0,0,0,0,0,0,0,0,0
211,0,0,0,0,0,0,0,0,0,0,0,0,0,0,0
22,0,0,0,0,0,0,0,0,0,0,0,0,0,0,0
203,0,0,0,0,0,0,0,0,0,0,0,0,0,0,0
101,162,0,0,0,0,0,0,0,0,0,0,0,0,0,0
141,0,0,0,0,0,0,0,0,0,0,0,0,0,0,0
229,264,0,0,0,0,0,0,0,0,0,0,0,0,0,0
127,0,0,0,0,0,0,0,0,0,0,0,0,0,0,0
64,63,0,0,0,0,0,0,0,0,0,0,0,0,0,0
324,298,224,0,0,0,0,0,0,0,0,0,0,0,0,0
2,269,0,0,0,0,0,0,0,0,0,0,0,0,0,0
221,219,0,0,0,0,0,0,0,0,0,0,0,0,0,0
33,203,0,0,0,0,0,0,0,0,0,0,0,0,0,0
278,0,0,0,0,0,0,0,0,0,0,0,0,0,0,0
306,218,278,0,0,0,0,0,0,0,0,0,0,0,0,0
172,180,170,34,0,0,0,0,0,0,0,0,0,0,0,0
175,173,174,0,0,0,0,0,0,0,0,0,0,0,0,0
91,277,0,0,0,0,0,0,0,0,0,0,0,0,0,0
296,0,0,0,0,0,0,0,0,0,0,0,0,0,0,0
235,245,0,0,0,0,0,0,0,0,0,0,0,0,0,0
67,0,0,0,0,0,0,0,0,0,0,0,0,0,0,0
53,155,186,0,0,0,0,0,0,0,0,0,0,0,0,0
106,192,179,178,188,0,0,0,0,0,0,0,0,0,0,0
321,171,169,0,0,0,0,0,0,0,0,0,0,0,0,0
200,0,0,0,0,0,0,0,0,0,0,0,0,0,0,0
302,0,0,0,0,0,0,0,0,0,0,0,0,0,0,0
50,0,0,0,0,0,0,0,0,0,0,0,0,0,0,0
275,213,0,0,0,0,0,0,0,0,0,0,0,0,0,0
262,0,0,0,0,0,0,0,0,0,0,0,0,0,0,0
27,0,0,0,0,0,0,0,0,0,0,0,0,0,0,0
68,222,0,0,0,0,0,0,0,0,0,0,0,0,0,0
237,245,0,0,0,0,0,0,0,0,0,0,0,0,0,0
267,55,54,49,0,0,0,0,0,0,0,0,0,0,0,0
32,247,253,0,0,0,0,0,0,0,0,0,0,0,0,0
199,127,0,0,0,0,0,0,0,0,0,0,0,0,0,0
180,0,0,0,0,0,0,0,0,0,0,0,0,0,0,0
135,172,0,0,0,0,0,0,0,0,0,0,0,0,0,0
302,0,0,0,0,0,0,0,0,0,0,0,0,0,0,0
16,321,325,5,0,0,0,0,0,0,0,0,0,0,0,0
273,0,0,0,0,0,0,0,0,0,0,0,0,0,0,0
200,171,12,0,0,0,0,0,0,0,0,0,0,0,0,0
1,14,0,0,0,0,0,0,0,0,0,0,0,0,0,0
237,0,0,0,0,0,0,0,0,0,0,0,0,0,0,0
62,0,0,0,0,0,0,0,0,0,0,0,0,0,0,0
90,0,0,0,0,0,0,0,0,0,0,0,0,0,0,0
70,187,0,0,0,0,0,0,0,0,0,0,0,0,0,0
128,0,0,0,0,0,0,0,0,0,0,0,0,0,0,0
232,0,0,0,0,0,0,0,0,0,0,0,0,0,0,0
262,264,0,0,0,0,0,0,0,0,0,0,0,0,0,0
67,0,0,0,0,0,0,0,0,0,0,0,0,0,0,0
248,0,0,0,0,0,0,0,0,0,0,0,0,0,0,0
52,43,12,0,0,0,0,0,0,0,0,0,0,0,0,0
262,0,0,0,0,0,0,0,0,0,0,0,0,0,0,0
68,67,0,0,0,0,0,0,0,0,0,0,0,0,0,0
22,0,0,0,0,0,0,0,0,0,0,0,0,0,0,0
203,217,196,92,0,0,0,0,0,0,0,0,0,0,0,0
295,0,0,0,0,0,0,0,0,0,0,0,0,0,0,0
245,0,0,0,0,0,0,0,0,0,0,0,0,0,0,0
275,0,0,0,0,0,0,0,0,0,0,0,0,0,0,0
194,0,0,0,0,0,0,0,0,0,0,0,0,0,0,0
199,68,245,203,196,238,0,0,0,0,0,0,0,0,0,0
9,110,0,0,0,0,0,0,0,0,0,0,0,0,0,0
268,0,0,0,0,0,0,0,0,0,0,0,0,0,0,0
17,0,0,0,0,0,0,0,0,0,0,0,0,0,0,0
168,179,0,0,0,0,0,0,0,0,0,0,0,0,0,0
233,0,0,0,0,0,0,0,0,0,0,0,0,0,0,0
299,0,0,0,0,0,0,0,0,0,0,0,0,0,0,0
122,65,125,0,0,0,0,0,0,0,0,0,0,0,0,0
176,0,0,0,0,0,0,0,0,0,0,0,0,0,0,0
43,0,0,0,0,0,0,0,0,0,0,0,0,0,0,0
47,50,217,0,0,0,0,0,0,0,0,0,0,0,0,0
55,0,0,0,0,0,0,0,0,0,0,0,0,0,0,0
303,0,0,0,0,0,0,0,0,0,0,0,0,0,0,0
248,0,0,0,0,0,0,0,0,0,0,0,0,0,0,0
