298,104,17,53,296,297,115,11,55,106,9,285,117,51,47,2
199,203,43,54,293,132,143,137,197,202,133,288,302,50,284,52
3,211,268,303,308,16,307,212,218,15,267,269,265,7,217,305
261,248,44,49,292,28,254,262,294,290,42,24,45,291,32,23
121,122,77,124,74,100,25,33,105,123,113,112,18,19,73,75
259,62,249,127,56,130,195,187,128,191,60,58,185,258,126,253
68,238,65,161,234,82,63,155,86,157,158,245,80,83,64,235
1,184,233,257,251,229,231,182,10,188,255,4,232,13,183,264
301,325,321,276,319,273,272,194,324,193,192,286,186,300,299,274
36,102,92,222,87,39,216,219,107,91,88,213,40,118,37,111
142,136,270,114,274,97,280,115,151,189,194,278,149,106,182,186
118,34,150,284,98,289,291,26,32,141,137,109,111,18,296,140
146,199,133,36,147,37,152,39,200,201,15,35,6,17,197,16
262,74,70,242,77,8,237,73,255,235,4,12,7,264,238,261
154,155,31,161,319,148,139,20,21,325,321,132,162,326,131,22
119,124,229,265,299,298,266,233,232,231,267,123,295,290,120,269
28,218,112,172,171,117,214,213,29,176,222,116,25,108,178,24
130,305,287,292,286,303,306,82,84,288,128,304,81,129,80,127
285,191,195,87,300,92,217,93,208,88,221,301,302,224,192,184
193,183,187,144,58,99,107,188,56,135,57,145,138,110,59,113
278,273,287,301,221,218,219,99,302,115,272,220,117,285,276,97
274,279,70,50,46,76,188,77,275,182,74,53,277,190,194,48
82,81,265,86,267,80,269,296,289,293,17,298,266,16,5,2
52,105,305,120,51,308,103,121,307,47,101,303,100,123,54,119
36,116,155,157,161,23,162,20,110,41,38,98,24,19,40,111
92,180,87,174,168,58,88,175,238,234,240,89,59,57,60,235
200,13,29,201,3,187,199,196,8,185,4,195,32,25,192,28
26,326,300,27,291,9,294,319,11,34,295,325,6,22,10,324
128,64,130,146,65,129,66,264,263,152,151,248,68,145,127,255
233,297,7,288,232,45,286,14,229,43,15,49,231,12,55,292
238,39,4,185,193,41,9,14,234,187,1,184,35,40,240,237
110,10,108,13,251,263,178,2,168,166,172,253,112,7,107,254
174,132,322,150,321,181,147,170,326,183,192,195,190,319,179,131
148,27,22,56,277,60,143,57,272,273,61,20,29,146,139,280
308,307,189,133,186,93,152,191,92,306,144,89,138,91,304,188
3,32,18,12,6,261,74,30,16,247,73,249,75,78,258,26
124,21,121,119,290,25,8,120,15,284,286,5,28,17,19,289
299,64,116,233,63,66,295,296,65,103,97,231,232,111,229,300
33,44,266,24,42,217,31,213,269,34,224,268,211,50,51,267
201,196,257,270,127,199,262,129,264,126,259,128,276,197,279,278
128,127,84,64,240,68,126,245,65,66,81,83,86,234,130,237
73,77,78,184,193,115,106,212,219,222,187,109,112,189,218,70
272,165,171,217,35,39,209,221,36,177,180,38,277,273,275,214
34,7,261,15,27,30,264,148,13,12,134,20,147,262,248,143
103,44,179,111,100,118,55,300,293,181,176,173,289,42,286,51
284,62,268,298,294,267,149,132,59,136,60,131,265,301,56,269
155,279,280,154,161,123,172,124,119,121,169,274,162,174,271,170
200,185,142,150,201,140,197,188,93,88,196,89,92,192,139,190
297,216,303,325,220,213,326,324,307,304,295,319,308,290,291,208
166,167,302,186,178,194,287,191,11,296,168,4,1,285,9,183
140,233,229,175,232,180,167,134,268,131,269,137,231,265,267,174
306,307,308,88,178,87,235,238,237,89,165,166,173,305,242,93
176,97,105,31,99,224,181,214,109,172,216,171,21,19,25,222
209,253,256,106,249,118,179,169,212,113,220,219,177,170,248,117
297,162,288,30,27,270,158,154,22,276,157,28,272,273,291,290
130,74,23,129,126,277,34,278,29,18,275,271,77,78,70,127
16,184,194,84,187,1,80,254,86,261,264,6,81,193,252,17
322,125,13,200,14,4,2,197,325,123,321,120,121,326,202,199
286,62,39,63,295,61,58,301,65,40,57,36,299,66,38,68
115,287,51,251,293,48,110,298,257,116,47,247,98,260,302,43
65,35,37,154,38,49,64,52,157,53,40,63,55,155,67,158
222,121,276,134,125,271,131,145,273,213,119,136,270,220,217,120
110,45,101,44,42,195,184,304,189,306,307,187,47,117,98,308
265,277,133,272,269,278,267,50,148,48,43,266,139,51,274,143
19,238,240,77,75,22,76,21,102,112,106,234,24,118,242,74
168,176,130,126,165,10,11,258,128,259,251,129,6,171,253,2
152,325,146,297,82,319,324,322,142,287,83,137,293,81,85,301
261,58,231,232,248,249,233,260,61,150,229,57,62,140,132,135
147,263,194,257,202,185,201,200,141,191,197,144,182,264,149,254
192,252,28,219,256,25,211,188,247,193,214,208,27,26,255,190
175,266,137,267,173,265,143,179,252,140,149,248,269,259,255,177
245,185,190,28,33,235,184,19,233,229,237,34,231,182,234,232
74,216,217,292,75,196,211,201,199,77,293,220,202,294,288,70
162,208,157,128,126,218,209,100,158,117,129,113,108,127,154,222
195,31,29,257,32,251,23,189,290,291,193,295,296,263,188,256
284,85,6,286,4,172,300,167,80,299,83,170,7,174,11,86
13,214,3,18,169,165,24,212,22,180,221,5,25,10,166,213
66,289,67,181,39,287,37,297,63,38,41,301,168,64,171,178
187,123,124,14,17,319,191,322,325,194,324,120,186,12,125,15
307,58,305,88,89,97,104,91,62,99,59,90,306,304,60,106
127,97,130,45,44,54,179,176,101,171,129,115,169,128,100,43
144,194,191,214,211,219,185,55,48,49,151,50,186,212,149,140
85,237,233,229,80,240,254,82,263,261,235,231,258,232,84,245
25,6,5,177,2,31,178,175,260,262,167,29,28,17,255,250
218,248,251,249,293,221,217,192,209,195,294,183,287,257,295,188
321,59,40,322,35,57,200,203,58,60,202,41,196,39,319,326
158,274,155,273,265,64,267,63,157,268,65,276,278,68,266,154
51,46,118,116,107,284,26,47,285,292,286,117,53,19,34,21
190,224,187,74,124,182,213,216,193,123,120,73,222,70,125,75
304,307,272,280,93,88,7,275,306,279,8,87,308,10,3,89
99,190,184,135,168,176,194,115,180,147,172,191,116,143,114,148
232,2,16,158,161,276,275,270,231,154,229,233,162,272,9,4
122,306,119,123,304,307,77,74,305,80,81,125,70,82,85,76
193,51,267,185,269,202,199,54,188,189,268,200,197,53,45,266
14,21,208,209,211,8,91,88,20,29,1,5,25,93,89,220
182,326,187,60,322,325,242,319,186,234,56,237,240,61,57,183
218,39,40,48,37,221,28,44,50,214,27,216,43,38,23,32
129,105,130,136,144,165,177,169,117,103,131,109,128,173,140,126
18,34,179,134,19,181,274,22,278,279,167,145,174,139,137,271
67,170,63,178,49,175,171,68,12,42,3,17,64,7,46,52
20,13,322,8,189,24,17,326,26,15,321,33,191,195,324,188
253,166,218,209,270,172,256,212,174,273,275,176,249,214,278,254
60,65,196,66,31,34,197,58,29,68,67,57,203,199,19,62
255,98,264,272,155,271,263,162,99,161,280,118,279,113,247,157
111,211,137,115,141,73,78,109,221,152,77,74,102,140,216,224
93,217,84,86,87,219,123,125,81,90,80,122,91,222,208,121
43,130,22,235,18,128,129,237,28,234,21,44,54,238,48,126
250,185,108,194,267,182,266,104,248,269,259,192,103,265,106,258
40,27,149,25,32,36,55,147,35,41,42,145,135,30,53,50
308,231,307,303,46,251,305,229,261,51,252,257,232,233,45,52
212,25,26,66,305,64,68,217,303,67,29,34,307,216,304,222
127,182,126,187,154,158,169,155,184,166,179,130,175,161,185,129
9,55,220,221,237,224,238,14,42,51,5,8,235,213,45,240
6,31,302,21,4,174,172,178,12,292,289,32,13,28,293,165
23,15,189,122,20,190,124,194,119,123,17,2,3,22,33,195
76,322,89,137,321,74,325,143,133,73,91,88,78,92,326,138
192,183,86,201,85,82,102,110,191,84,200,112,199,98,186,197
219,209,44,48,254,252,103,260,114,218,250,118,211,52,50,117
43,270,276,286,136,49,301,54,148,287,47,131,141,274,277,300
266,291,267,35,39,265,41,61,36,60,268,57,62,295,299,285
144,194,191,214,211,219,185,55,48,49,151,50,186,212,149,140
51,46,118,116,107,284,26,47,285,292,286,117,53,19,34,21
158,274,155,273,265,64,267,63,157,268,65,276,278,68,266,154
85,237,233,229,80,240,254,82,263,261,235,231,258,232,84,245
304,307,272,280,93,88,7,275,306,279,8,87,308,10,3,89
25,6,5,177,2,31,178,175,260,262,167,29,28,17,255,250
190,224,187,74,124,182,213,216,193,123,120,73,222,70,125,75
321,59,40,322,35,57,200,203,58,60,202,41,196,39,319,326
218,248,251,249,293,221,217,192,209,195,294,183,287,257,295,188
127,97,130,45,44,54,179,176,101,171,129,115,169,128,100,43
298,279,285,189,185,39,292,38,182,297,184,275,36,37,280,278
176,301,42,51,24,32,33,284,26,171,293,180,48,300,172,53
272,129,83,213,221,127,270,276,126,128,80,84,208,219,273,81
116,290,107,78,286,168,296,173,177,174,102,299,75,98,77,70
89,91,88,216,306,237,240,303,308,238,217,93,214,212,234,305
175,169,268,179,322,265,326,167,63,319,267,64,325,68,67,269
47,136,46,152,58,43,56,181,178,132,55,165,62,166,60,134
23,233,149,49,229,19,231,138,44,137,20,30,54,150,232,50
203,209,201,211,186,224,155,193,192,162,196,161,183,218,154,199
108,288,295,256,252,31,287,257,22,294,105,29,255,97,103,18
12,6,139,8,2,39,140,259,38,258,35,257,138,143,252,37
291,102,274,97,190,183,290,277,188,300,271,275,294,98,189,116
129,151,21,304,306,31,126,28,133,147,307,303,127,145,34,130
182,52,55,48,280,184,194,54,185,272,222,213,212,278,273,220
319,24,172,168,325,27,22,298,20,180,293,165,286,284,321,322
119,237,120,248,238,250,173,234,179,177,264,124,260,122,176,245
85,10,84,82,80,1,4,149,267,268,141,9,132,136,266,269
203,197,19,253,251,23,92,255,199,90,89,202,87,256,25,33
29,249,161,105,100,247,157,262,18,26,110,109,30,263,155,162
70,285,65,67,77,13,297,74,11,64,68,78,3,301,292,15
84,278,55,81,47,82,53,191,194,274,45,182,280,193,273,83
250,3,169,10,6,220,213,253,174,167,2,170,255,212,262,224
294,73,74,297,158,155,162,1,296,76,12,5,78,293,154,17
287,124,39,123,300,289,38,126,129,40,125,36,130,290,128,122
13,56,217,307,14,214,218,303,305,62,61,59,219,11,16,304
15,142,4,134,24,276,9,151,7,31,271,141,279,25,19,270
264,229,284,291,299,263,177,181,233,231,298,173,249,178,252,232
295,30,67,22,65,20,185,34,302,301,190,188,288,183,63,66
179,150,269,171,321,325,139,268,322,152,266,176,166,267,148,324
247,202,248,187,196,186,251,199,240,192,235,189,257,242,200,245
1,126,129,13,137,10,278,149,128,141,130,277,139,274,3,271
145,245,240,124,304,131,308,144,151,237,307,121,119,238,306,123
189,152,261,30,187,21,142,264,193,255,190,29,134,148,28,263
203,168,201,170,166,68,196,199,99,113,110,103,64,174,65,67
2,5,220,285,284,12,324,326,321,209,8,216,292,288,319,208
175,267,57,232,177,266,56,233,269,61,58,229,178,171,231,265
179,180,183,106,195,169,114,147,182,194,143,105,167,109,136,146
4,155,76,7,78,15,6,157,77,112,70,111,101,116,158,162
275,118,272,82,276,104,80,132,140,279,115,86,135,85,107,133
165,172,50,51,176,253,48,252,173,250,191,262,185,46,186,184
219,70,214,27,42,47,33,77,49,48,73,21,34,216,76,211
232,231,233,271,140,303,142,229,274,139,307,304,308,270,148,275
124,235,55,242,44,122,326,321,119,121,238,319,245,324,54,51
52,43,151,260,147,53,56,59,253,62,262,144,131,45,58,264
146,81,129,127,93,85,84,126,90,128,134,92,137,150,88,80
19,154,35,23,158,199,26,202,39,162,41,18,36,203,155,201
133,212,258,172,152,132,218,261,178,176,208,251,250,166,149,221
24,217,209,189,224,272,30,276,22,278,187,28,195,183,222,279
169,64,65,267,174,268,29,25,32,177,265,269,171,67,68,20
192,135,112,167,173,168,170,186,143,100,136,141,188,194,109,106
185,50,218,42,262,251,183,258,220,224,54,184,212,46,195,263
151,148,137,219,104,98,108,136,172,216,169,217,117,177,208,166
132,186,296,187,64,131,193,182,298,66,139,67,68,288,152,294
80,110,28,86,105,107,114,30,85,83,302,26,33,284,297,301
38,201,202,144,150,196,273,277,37,138,199,280,36,40,146,276
266,23,188,268,45,51,192,44,24,189,20,267,34,48,190,269
305,279,275,321,270,322,278,307,324,22,29,27,326,308,304,18
141,238,240,245,130,165,135,180,176,126,235,127,171,147,128,142
57,59,209,211,222,56,255,15,256,62,248,8,10,14,261,221
55,53,1,52,4,6,43,145,12,90,92,87,91,143,149,134
3,193,52,148,150,45,131,49,135,13,54,183,11,9,187,185
250,28,34,200,101,264,23,196,102,111,117,199,259,24,262,203
249,300,248,237,139,256,301,146,296,290,240,149,145,235,238,252
219,90,125,122,123,93,182,191,220,92,222,186,91,192,121,216
158,35,287,73,74,161,70,154,37,41,157,78,299,298,40,292
272,50,51,47,279,48,80,81,260,280,255,253,84,247,85,274
189,98,21,195,209,32,184,212,109,19,118,104,208,218,190,30
56,130,269,271,127,268,273,62,61,126,267,129,276,277,266,57
305,12,261,16,306,7,254,232,6,263,304,307,233,229,231,257
322,5,14,217,172,4,170,325,224,171,324,319,211,173,214,10
220,184,53,115,211,55,113,217,43,193,183,49,114,99,187,208
238,129,257,130,255,248,128,127,48,51,47,245,234,52,259,237
91,191,190,5,7,90,192,21,93,2,30,182,8,89,23,24
54,46,31,33,303,306,305,32,304,42,50,66,63,26,67,68
181,267,256,254,158,161,171,265,157,169,260,155,176,258,268,269
78,218,6,224,75,170,1,12,222,180,4,73,177,165,219,74
278,321,168,34,276,167,19,326,29,28,270,271,179,166,324,325
142,137,232,213,138,233,189,221,209,141,194,216,231,188,195,229
121,202,124,123,263,39,203,196,38,119,201,35,36,247,262,252
173,58,84,85,81,264,253,59,61,172,80,56,175,174,251,250
168,295,148,116,97,170,114,102,292,302,169,142,291,140,167,145
286,88,187,183,182,321,290,324,194,293,91,299,322,326,93,89
103,125,119,118,120,219,217,58,224,101,62,59,216,106,60,124
54,162,133,55,154,158,202,43,139,197,136,199,196,52,161,134
184,189,138,287,149,188,288,222,300,190,214,294,209,143,147,220
308,180,229,306,175,166,279,307,276,231,270,232,233,278,303,177
132,234,266,85,150,265,267,235,82,240,245,152,83,135,268,80
262,126,16,11,130,211,218,15,259,127,208,258,264,212,128,17
41,40,75,73,284,104,78,77,298,115,36,297,38,117,110,296
4,7,63,195,185,192,186,68,272,271,273,67,1,65,9,277
298,287,41,289,195,3,6,192,39,36,190,37,15,288,2,187
47,257,186,191,258,194,291,51,49,247,293,182,43,302,299,256
109,326,103,165,115,176,169,201,113,197,202,319,166,321,324,200
188,178,88,17,90,7,16,87,180,184,91,185,175,183,177,10
4,231,154,157,129,128,233,229,232,161,1,11,126,14,155,127
64,305,172,170,279,66,181,65,271,171,270,63,304,306,303,274
81,54,124,50,213,86,80,121,218,46,84,222,53,120,212,122
238,266,269,214,219,108,234,245,102,220,224,265,235,116,104,267
252,74,152,254,52,143,70,76,44,253,133,259,138,45,78,42
9,280,174,168,273,13,179,275,60,277,5,8,56,173,61,58
299,294,288,195,125,182,122,1,4,121,119,17,14,192,191,296
74,301,285,48,193,51,188,187,73,55,291,190,297,70,75,42
110,183,99,287,289,60,56,186,184,59,115,292,97,61,189,293
66,218,86,229,221,208,219,81,233,68,231,232,82,80,65,63
237,255,260,217,319,322,214,247,256,325,324,209,211,245,240,234
128,24,126,154,127,161,179,20,129,170,181,155,173,23,162,18
264,28,253,22,268,31,306,269,259,252,265,308,21,303,304,267
248,250,16,40,171,254,2,249,3,174,175,11,39,36,35,176
135,25,52,145,143,137,45,32,258,27,261,251,54,263,47,26
107,224,108,102,273,49,213,46,222,50,279,104,271,216,270,43
126,128,258,127,47,129,83,82,49,80,250,46,247,255,84,45
93,23,51,299,91,21,88,19,300,87,302,286,52,55,50,18
234,179,122,170,261,235,120,242,253,252,165,181,263,123,245,124
274,14,65,17,297,278,289,4,67,66,11,273,285,64,294,275
58,70,266,265,73,203,202,268,59,62,269,74,76,196,197,57
37,325,35,284,229,39,292,40,296,291,233,319,231,321,322,232
48,169,171,157,113,53,98,180,162,118,155,54,114,43,168,161
1,303,100,301,116,308,290,108,12,295,304,6,101,305,293,5
251,248,279,193,276,110,192,115,264,270,254,189,280,112,107,182
10,191,9,137,150,146,183,111,99,13,106,185,2,184,117,142
84,80,173,161,66,63,171,170,81,158,174,155,64,154,85,67
37,293,51,36,128,50,130,129,299,126,53,38,35,287,295,43
264,92,232,249,90,229,91,231,252,25,233,251,88,23,31,28
14,286,131,109,115,288,3,152,140,300,6,99,117,289,10,132
176,278,265,57,56,60,58,167,267,166,266,172,276,280,268,275
147,217,193,214,188,224,146,73,150,77,209,74,183,76,182,136
240,235,33,30,307,165,179,303,245,20,177,178,24,306,304,242
184,322,185,44,302,297,296,189,46,326,324,49,321,301,194,45
27,18,22,134,175,11,133,181,148,15,180,17,32,1,151,168
123,271,196,279,119,203,277,202,149,145,124,200,135,270,142,122
212,222,255,322,321,263,219,262,319,220,231,233,251,229,324,232
132,135,138,248,250,247,305,303,141,109,110,256,304,308,107,111
148,272,24,279,64,150,68,63,33,144,31,65,280,143,274,27
7,125,2,124,57,15,59,126,130,128,121,62,5,58,120,127
201,200,167,172,179,197,90,106,93,87,91,165,102,112,196,108
43,49,170,178,137,151,301,169,166,300,288,53,298,47,145,152
278,277,276,258,254,177,180,171,174,101,118,115,273,261,99,257
86,21,83,30,17,20,6,234,19,240,3,237,14,81,80,235
131,136,211,216,139,26,46,51,50,142,18,218,23,25,224,42
34,157,252,155,134,28,249,133,162,140,264,154,253,32,29,146
70,75,265,269,179,107,76,77,266,267,111,175,165,103,177,99
2,108,256,233,105,231,260,14,112,10,232,110,261,229,5,248
174,178,55,121,139,51,53,149,122,123,119,43,170,181,152,147
242,167,169,166,176,237,90,140,240,93,142,145,235,89,91,146
143,158,162,148,203,200,161,50,46,199,135,49,154,47,197,133
284,262,322,257,326,168,285,252,294,172,173,247,324,291,180,325
144,219,251,184,212,132,134,254,213,250,185,192,222,138,249,191
67,81,275,65,66,84,97,101,272,273,118,98,85,82,64,271
218,60,61,8,102,62,117,56,104,224,9,6,109,1,211,220
305,304,278,276,128,253,303,307,277,129,126,259,264,255,270,127
66,28,238,68,64,234,73,32,237,75,20,67,77,74,25,245
130,193,195,127,126,293,296,299,167,166,182,165,292,174,187,129
60,12,257,2,199,61,247,62,263,196,7,249,59,202,11,200
33,55,47,275,224,27,52,273,29,211,44,212,280,18,277,216
256,261,172,229,17,175,5,176,233,260,232,231,3,248,6,179
111,253,1,110,14,219,106,213,264,97,262,217,214,9,13,250
271,220,103,15,278,105,109,218,16,8,222,4,279,209,100,272
178,181,89,80,86,81,90,84,157,155,171,87,91,180,154,162
306,22,26,305,266,268,304,183,190,265,303,188,184,267,34,31
170,286,41,35,290,40,173,39,321,298,319,322,177,324,295,169
126,128,254,129,272,262,256,127,279,270,13,6,275,12,247,5
57,87,90,56,62,112,93,154,92,108,114,60,158,161,162,111
219,297,303,25,308,306,218,220,22,24,304,211,296,30,290,289
182,131,251,263,188,325,189,264,134,321,132,150,261,193,319,326
187,195,149,173,65,67,142,190,136,137,168,186,66,179,63,180
11,199,143,144,196,3,265,267,268,269,200,197,139,147,9,7
238,231,125,240,119,277,245,229,242,274,233,276,273,121,232,120
84,300,37,38,82,298,36,140,138,83,151,148,294,86,302,41
47,217,286,285,74,299,48,45,209,291,70,73,46,208,78,222
52,115,287,49,97,284,301,107,221,102,42,212,216,292,50,214
111,219,25,109,24,137,34,152,224,148,216,30,110,140,218,97
304,306,305,90,280,303,87,23,33,273,21,93,88,26,278,277
266,136,51,3,43,15,50,42,132,8,269,2,268,265,135,147
108,321,319,13,12,245,238,117,235,16,242,116,103,324,7,325
115,112,186,144,183,232,188,231,150,106,233,131,194,99,229,133
149,70,161,78,155,39,157,76,73,37,162,145,142,35,38,151
107,127,98,86,102,130,83,4,6,126,9,10,100,129,84,80
18,104,20,187,105,195,256,263,31,113,259,255,114,32,185,192
139,254,199,196,264,146,141,197,143,258,66,64,65,202,68,248
271,62,1,279,5,60,274,17,11,272,121,125,122,120,57,58
44,305,297,54,46,121,303,307,288,120,304,296,51,119,125,294
221,173,224,5,169,258,249,3,259,179,4,209,260,171,6,208
278,277,40,280,41,222,8,13,39,1,271,37,17,214,218,216
189,252,261,219,217,195,187,211,255,21,213,22,263,182,23,20
50,12,15,14,128,130,157,127,48,52,161,126,16,154,155,45
177,190,170,116,142,131,176,186,102,147,132,192,167,107,184,106
60,234,61,240,62,87,238,88,59,91,267,90,268,269,266,245
180,324,181,231,168,233,86,319,178,325,80,229,85,322,232,82
76,42,63,53,66,201,47,196,67,203,55,64,75,73,74,202
285,104,298,9,183,114,194,295,185,193,2,10,300,113,7,108
55,109,48,165,117,75,118,42,105,174,166,170,76,43,78,77
162,17,321,13,324,326,66,65,154,161,12,6,63,319,158,68
217,133,152,25,218,27,19,208,145,84,141,86,81,32,85,211
167,168,192,3,292,300,179,15,194,10,173,291,188,193,8,298
184,14,275,5,274,191,276,307,4,272,183,190,2,304,305,308
195,260,60,261,138,262,182,189,57,59,132,142,144,251,185,62
209,197,213,102,216,199,201,116,39,36,100,40,108,35,200,214
248,253,92,34,254,89,31,222,22,212,219,221,90,93,30,250
124,126,233,128,122,121,277,229,270,279,271,231,129,127,232,119
238,171,99,242,23,114,172,111,234,176,245,29,26,18,107,181
297,3,306,17,86,305,15,307,13,303,81,290,294,80,83,298
264,138,218,255,214,248,139,194,212,147,190,145,191,188,251,219
148,178,173,165,61,133,140,64,143,68,57,56,59,181,66,65
30,211,21,222,22,213,130,233,34,129,126,128,229,216,231,232
277,324,78,73,75,39,321,35,326,38,37,77,325,278,280,274
137,258,157,151,158,250,220,162,209,161,217,263,221,253,134,141
288,52,252,262,275,54,55,296,301,273,271,300,261,270,44,256
28,33,146,169,203,168,177,197,149,135,18,200,25,196,150,175
269,245,237,240,90,247,265,254,267,87,91,259,238,266,93,260
20,121,116,132,119,19,125,26,131,144,27,101,124,136,114,118
8,12,271,217,209,14,279,274,23,222,21,24,25,208,276,4
301,187,10,192,302,11,181,193,166,295,179,174,292,1,13,191
260,133,61,60,135,306,253,58,131,259,263,308,303,138,57,305
142,258,262,150,252,9,173,172,3,17,7,169,170,151,143,250
224,137,132,144,149,48,43,42,213,220,54,216,130,129,128,126
55,167,47,189,165,6,16,194,186,15,175,49,5,185,53,177
176,73,180,168,171,278,273,270,277,76,70,36,41,40,39,78
124,218,98,100,268,106,211,267,219,265,214,121,120,123,104,269
290,63,65,66,300,64,22,93,296,92,28,88,31,91,20,297
232,84,229,203,30,233,19,81,199,202,86,32,82,201,231,18
46,48,193,190,45,256,44,105,110,191,107,97,261,257,251,189
265,302,301,269,209,211,52,47,213,266,294,220,54,51,268,286
49,319,262,55,263,150,50,326,53,324,259,144,145,147,264,322
177,162,112,116,176,121,122,181,123,106,154,172,119,161,98,158
260,102,30,15,103,248,100,4,18,22,249,14,32,255,8,111
297,169,292,174,129,170,127,291,126,178,38,285,39,37,130,35
65,273,279,63,27,57,272,62,56,23,67,31,278,68,33,60
85,86,303,179,306,212,80,82,307,216,308,208,180,168,219,166
271,182,25,146,151,26,275,277,185,131,24,186,280,192,134,34
247,92,252,224,240,88,238,254,237,87,217,91,245,214,222,250
109,154,183,192,162,296,161,193,118,101,112,187,158,290,286,288
178,177,140,21,23,299,141,165,142,179,136,32,302,30,284,293
88,260,90,70,232,92,231,76,248,93,229,74,233,75,264,256
138,128,147,250,275,130,151,247,253,258,270,273,271,146,127,126
249,307,81,303,252,67,82,83,306,64,308,63,259,65,254,80
287,245,213,234,298,321,325,322,324,242,300,224,240,289,212,208
268,2,285,16,261,294,262,8,265,263,13,295,269,292,251,267
31,110,190,188,20,189,222,186,18,219,104,221,97,26,117,211
203,201,35,185,22,27,37,194,196,200,40,28,184,182,41,33
119,42,278,46,57,54,52,125,62,61,276,120,122,60,277,272
122,298,293,155,154,124,121,284,157,162,62,60,58,289,120,57
13,166,168,97,113,9,172,287,175,1,286,300,12,290,109,110
81,83,186,169,181,218,183,212,173,171,188,213,86,84,219,192
202,199,66,64,200,325,65,38,203,319,324,39,326,37,36,67
257,14,232,6,308,304,262,16,229,259,254,306,231,233,5,305
87,15,224,22,3,29,28,23,8,222,211,10,214,91,92,88
114,148,116,24,34,279,139,32,272,100,280,132,105,131,275,30
151,174,179,147,145,176,277,271,17,170,149,273,7,276,11,2
217,54,128,31,209,50,221,27,129,208,19,21,126,127,47,53
189,76,234,75,78,268,265,245,195,187,237,235,70,269,184,267
303,48,278,272,212,218,273,214,306,43,305,55,211,307,280,50
34,170,19,294,299,25,52,44,172,165,292,297,180,29,47,46
200,202,194,40,201,39,168,173,174,35,175,185,196,190,36,195
279,113,93,6,8,105,102,276,89,91,277,13,109,274,3,90
285,120,248,249,298,287,116,260,121,123,108,264,98,100,296,125
97,103,234,268,266,229,235,231,242,232,265,233,245,110,117,267
65,140,149,26,66,142,56,67,57,62,132,27,18,24,63,60
154,161,107,99,51,45,184,186,155,114,193,183,49,157,104,53
167,82,112,192,106,188,86,84,177,178,101,179,83,191,111,187
181,128,74,322,321,129,324,77,171,325,75,73,127,169,176,126
173,142,197,178,216,144,211,219,201,196,221,132,140,181,175,200
104,102,155,305,157,306,19,31,308,26,162,161,21,109,111,303
110,169,115,302,67,299,165,174,65,294,166,64,105,97,63,293
208,213,233,170,172,133,224,231,150,229,149,171,212,232,176,135
322,49,319,54,324,7,296,300,17,51,48,8,325,16,295,287
245,242,235,255,252,93,260,11,4,92,257,5,6,91,87,238
218,258,248,290,55,45,43,253,42,217,222,209,297,291,301,262
35,250,121,84,80,264,85,83,125,124,251,36,39,119,41,261
188,266,190,192,18,267,101,25,265,269,113,195,100,33,108,22
73,44,50,53,288,74,126,77,129,128,284,286,298,75,130,47
275,103,213,299,276,270,273,216,108,112,117,285,290,211,296,217
262,256,188,184,115,4,3,194,97,15,249,104,98,193,261,10
147,125,23,119,140,27,57,142,124,58,121,60,59,31,21,148
74,75,222,212,308,307,68,70,63,304,218,214,306,64,67,73
322,88,321,35,89,39,40,326,37,237,324,238,91,245,93,240
7,42,151,266,131,14,16,265,54,150,49,55,267,268,2,149
229,28,253,233,232,231,174,248,30,263,169,32,247,176,166,33
81,199,127,209,197,83,126,86,224,128,219,130,201,221,82,196
250,264,179,52,180,258,170,259,284,287,51,286,53,46,297,181
109,107,167,171,113,138,118,279,144,173,137,172,274,271,135,280
126,154,129,11,181,173,3,161,130,162,155,17,127,2,176,166
165,302,83,294,84,25,24,293,85,169,19,23,80,174,288,175
221,16,321,193,213,325,5,326,217,13,212,9,185,191,319,194
29,28,273,37,51,271,274,50,38,30,35,47,18,277,54,36
15,220,219,167,196,218,201,200,7,214,4,12,171,180,168,203
22,10,8,26,1,120,34,14,125,308,123,121,27,303,306,307
261,216,245,233,229,255,237,209,248,240,208,222,235,263,232,231
111,183,62,140,60,61,188,184,143,58,103,145,149,114,118,190
269,90,68,266,117,87,93,267,115,92,110,67,268,65,66,112
195,78,189,106,70,107,33,21,77,187,109,192,20,32,104,74
17,197,39,40,248,202,203,201,247,12,38,14,252,37,8,250
11,9,140,152,29,28,149,25,130,4,2,24,146,129,128,127
68,87,265,93,91,65,268,212,90,63,269,267,222,216,66,211
270,275,279,20,145,189,191,142,31,33,143,278,195,136,27,182
229,325,42,233,231,324,297,52,48,289,232,319,321,286,293,53
70,178,43,46,180,256,167,257,258,261,73,76,45,170,77,49
18,7,22,147,151,16,121,26,124,5,21,6,123,141,131,122
98,114,307,104,303,294,23,304,19,291,295,32,30,306,302,110
172,169,168,59,58,263,57,60,217,208,262,251,221,218,259,174
83,84,255,86,240,260,235,155,242,80,249,154,158,157,238,264
100,174,74,114,4,16,167,78,2,177,98,70,9,77,105,166
135,12,24,14,29,133,23,106,115,148,1,147,109,117,13,19
53,186,192,183,108,240,46,54,101,102,235,118,193,245,42,237
130,161,84,129,80,81,25,83,157,33,22,126,154,128,34,155
303,92,305,229,88,232,273,307,233,231,304,270,272,90,93,278
141,48,103,151,52,107,131,99,211,216,45,224,104,208,136,55
31,39,30,10,262,41,7,3,252,35,6,18,27,264,40,263
20,250,21,268,269,256,265,26,194,185,249,195,32,188,261,266
322,212,321,200,196,56,324,60,221,203,325,217,201,62,220,61
66,169,97,181,171,116,190,110,113,165,65,67,191,184,64,182
158,183,195,41,268,267,266,38,193,40,157,194,155,39,161,265
260,147,263,143,51,220,45,261,218,144,43,46,221,150,222,253
109,108,63,68,114,187,127,67,130,189,126,66,101,184,128,188
285,172,273,174,278,279,287,170,259,169,274,295,249,250,252,294
8,60,324,319,3,233,321,11,56,58,229,232,231,7,62,325
303,306,200,80,304,86,83,242,240,203,238,81,235,196,199,307
257,217,4,255,13,264,141,135,216,211,258,219,17,140,145,16
186,192,121,78,182,123,118,107,116,124,191,103,75,76,120,74
49,32,22,132,137,133,248,44,53,262,19,247,50,254,142,18
93,271,91,55,54,276,15,2,89,270,88,42,14,47,275,9
52,43,187,11,176,44,53,16,191,12,182,171,165,177,5,190
256,302,138,248,294,145,296,284,262,250,167,134,170,147,168,178
125,121,65,229,233,123,231,124,64,293,300,301,68,232,67,299
26,102,249,20,264,58,114,61,22,247,257,106,100,59,60,28
142,146,10,25,14,270,141,7,271,24,280,23,150,3,278,34
87,224,212,162,154,203,92,161,89,93,199,201,217,158,196,209
41,298,70,295,37,78,321,319,322,39,73,297,40,74,289,324
173,180,240,128,269,265,127,234,166,267,245,126,129,266,179,235
273,175,54,277,286,172,275,47,174,42,288,292,290,181,276,48
98,189,192,194,185,306,305,112,152,131,136,137,113,307,303,107
64,235,20,238,196,199,203,245,68,65,66,30,237,34,22,202
12,8,35,120,38,121,41,110,3,9,113,112,39,124,123,101
266,27,321,319,324,195,184,265,189,25,269,268,182,322,29,33
185,158,220,161,254,193,258,253,154,217,155,248,188,208,190,213
103,17,274,26,32,11,109,105,31,279,10,272,271,99,28,14
147,129,4,148,130,143,16,127,84,85,82,128,149,2,81,6
88,87,91,78,231,232,56,233,229,70,62,75,89,59,74,61
273,280,134,43,276,214,211,150,135,52,146,277,218,209,54,42
299,144,152,252,293,251,255,23,18,302,19,141,260,142,289,21
284,133,298,132,140,307,117,306,104,305,303,139,111,116,291,295
193,166,194,251,182,253,132,179,168,183,142,143,144,175,262,258
229,260,232,256,154,252,233,157,200,158,197,261,201,231,162,203
169,224,26,209,291,299,298,286,181,208,20,165,34,213,19,171
87,88,93,276,65,66,125,279,278,277,122,67,90,68,120,124
186,176,190,18,185,33,180,170,128,27,126,192,172,30,129,130
147,296,42,44,145,141,14,43,293,140,295,288,11,45,5,13
217,264,78,74,50,47,216,49,75,221,255,220,53,259,257,77
55,274,267,54,266,275,4,52,46,270,272,3,269,268,6,2
303,80,305,238,240,56,81,245,84,307,60,242,304,58,86,62
37,247,263,36,321,324,41,322,188,195,254,325,35,248,187,191
