10
7
3
9
12
10
10
9
7
9
7
7
12
3
8
6
7
6
6
5
14
7
13
12
13
12
10
8
5
4
4
16
16
15
15
16
16
16
15
12
16
16
16
16
16
15
16
16
16
16
8
7
7
10
8
5
5
7
4
6
13
13
15
15
11
12
11
14
11
11
2
2
11
1
4
2
3
3
4
2
11
16
15
16
16
15
15
16
16
16
8
8
10
8
8
10
6
9
10
10
10
7
6
11
11
11
15
6
9
8
3
4
6
5
7
9
10
3
7
9
6
8
6
9
11
10
7
6
15
13
7
7
8
8
9
11
13
13
12
10
6
9
7
6
7
8
5
8
6
9
10
7
9
9
9
12
9
14
6
12
8
10
8
6
12
8
9
12
6
8
4
5
5
7
7
10
6
6
5
7
9
10
6
7
7
5
7
4
8
3
10
9
12
10
7
14
6
4
4
6
8
6
12
5
8
4
4
7
4
8
12
7
13
9
10
9
13
10
12
13
9
8
7
3
7
5
6
6
7
10
14
12
10
6
9
12
10
14
14
13
12
10
11
13
7
9
11
7
10
10
11
7
14
10
8
12
7
8
6
8
16
16
15
15
15
14
15
14
15
16
15
14
16
10
15
14
16
16
16
16
7
6
8
9
7
13
11
11
11
13
10
13
9
9
10
6
7
9
8
7
16
16
6
16
16
13
15
15
15
15
10
7
13
8
9
10
5
9
10
9
5
4
4
9
6
9
7
8
6
9
11
12
13
9
12
15
11
10
8
12
10
7
9
8
8
6
10
8
12
11
15
15
16
16
16
16
16
16
16
16
7
12
11
11
8
9
6
10
9
9
14
10
8
11
11
10
10
11
11
9
6
3
7
10
7
7
5
10
7
6
14
15
14
16
15
15
16
16
15
13
7
7
9
9
9
5
7
4
10
8
0
6
6
10
9
11
10
9
7
11
16
16
15
16
16
16
15
16
16
16
11
9
8
12
10
14
12
10
11
8
12
7
10
13
6
14
8
13
9
13
3
3
11
7
0
4
10
4
6
7
1
4
12
13
13
14
13
13
13
15
7
6
5
8
2
8
6
6
9
5
