83798
44509
60747
42692
47735
51093
37490
52355
46872
58202
73990
44832
52561
23227
65492
35719
52254
35854
26713
55287
50035
50323
44195
53743
35741
56526
51650
56982
57954
67728
76007
64978
47461
52562
61233
47468
77055
17399
26480
30242
51198
20944
34894
44989
16512
12558
32955
20775
26466
56391
47245
39678
42954
50667
41960
56591
59911
80036
69089
46547
29418
22828
39780
27854
40444
42580
19514
54234
52059
32243
47272
38982
56190
31203
58224
50859
36466
34984
32971
25725
47078
38215
32437
47330
38365
54515
62117
40542
72123
34608
38970
24222
36726
57352
32270
26904
41840
16612
35768
48182
83919
45449
85657
65728
41217
25279
31638
65684
26481
24760
34478
31169
26153
24975
19279
15168
89927
50897
53988
68272
44789
43335
43650
59359
40247
42810
33022
36118
23166
21496
11677
25138
33934
35109
41714
31904
29659
39634
33756
54531
40524
52778
48989
54994
62369
32084
40332
38409
66193
47773
78104
53027
39182
44765
62288
48985
49674
64785
41626
44518
53029
52073
42325
61233
57884
55749
52219
51112
47005
65639
43492
37470
50224
63865
52932
61024
55703
50467
57530
60304
25941
11387
32213
27996
42524
33498
22941
28698
29192
26128
17067
20865
53935
38487
45349
41402
64022
57078
47251
69219
42254
33995
37708
31943
13173
25218
70769
39043
17852
65348
39410
43510
37800
29297
24639
23715
16897
39634
52893
33503
48900
37683
37126
22896
37993
27071
31068
15123
16087
14385
49482
35666
72175
44525
40906
40328
39167
42395
36965
43619
38981
33943
45304
27954
64549
50404
57959
37860
42970
56036
69428
34664
26585
55963
57110
51762
48089
46634
43985
39119
54593
75745
85752
68119
61565
62258
48299
42965
55636
36292
69629
54768
52119
82696
15371
48021
49963
60139
51923
62393
13858
22792
19483
22252
23414
19585
25941
30745
29496
27094
20669
75263
53370
43412
51799
42032
44046
44037
54763
55445
53665
53678
55320
69831
45949
53571
46640
46510
39989
43853
33789
47276
57015
30726
54744
53911
33613
58083
46567
72731
37364
45577
48553
55231
35616
36459
49465
81159
77666
66888
48744
47346
75716
58574
51055
50851
60304
46749
56873
10009
21236
19183
33944
27340
27848
30658
20179
39058
38613
53473
34864
59991
50894
40751
50442
53839
38384
42067
50791
39296
66094
37103
22408
14815
31348
16205
24678
14346
25588
10273
46282
47364
53801
65196
58777
51733
49106
30400
42053
56070
41818
43204
23909
24340
14802
19962
35700
18869
13385
76986
16854
13697
26143
15201
11785
10321
20267
20575
12199
15745
12324
15376
14779
10364
12925
47424
33374
34563
48918
45248
47898
38517
26523
31655
47956
24925
21370
26039
27405
27014
31651
22792
21209
39938
34888
41000
35990
36854
49437
34455
44604
47879
27329
49977
76383
40459
40340
36482
31619
47117
88222
76101
54167
46656
51421
37777
61914
63676
51970
89161
79160
71614
27089
43928
55869
48289
71392
53770
49619
44862
31292
53309
39231
32965
45864
42127
51740
37828
40707
39057
80649
48534
67442
40919
43187
52976
37497
39221
26684
34836
29932
33832
30539
41855
36559
18486
10804
84181
30302
21647
39064
42171
49105
48118
35022
40150
55892
51332
64774
43796
44065
53277
46353
47191
54212
56253
64534
60309
52458
61774
44752
45177
47974
50710
44475
32683
46354
40179
86300
37699
63853
39763
75074
29457
64836
44267
29329
19028
15377
28952
23031
27377
24581
26030
23105
16619
20772
53849
31179
50823
30965
46250
35387
49584
44240
42078
39262
37299
32745
29639
38807
39869
37037
38904
40418
46005
27470
33793
32739
36985
34039
36799
56395
19374
18652
18156
21088
33106
26821
28685
25731
50053
13218
49741
38495
32235
36191
32142
61305
55164
49741
41065
26841
27571
31926
48495
29405
28597
22178
24052
20722
36500
54556
49728
54991
49090
62077
51806
42160
42769
42311
41407
33099
36423
39110
40043
69466
41870
32276
48105
42303
38889
26666
36426
55070
39054
35245
59805
33470
50984
77528
34482
42311
43242
56081
79525
69458
89185
74156
79226
81887
84369
19725
30994
60429
48032
34517
35171
32042
53065
55580
85267
60090
49150
60559
42211
45004
51590
49695
38173
45558
36538
49454
37848
72683
53355
56556
63821
50559
43529
56541
42269
81003
70016
69669
59300
47239
47898
46621
48788
60183
43022
36866
36445
43467
81847
71691
51305
71768
76393
13090
16500
19688
43398
18409
21767
13863
12600
33396
41383
19901
26596
26124
30483
34566
40849
18934
46679
22766
28718
40155
28487
27728
32111
33161
87650
40862
32436
29753
29939
81123
42802
79506
60152
53252
63512
59017
50047
88096
40665
75642
59564
39278
62412
61324
40736
45805
47865
39584
58337
46742
46964
39034
48224
40311
43999
37706
51127
43915
29279
42688
31793
21845
28413
34024
52894
54302
84019
70250
60672
65176
57194
74778
83056
87499
75829
69526
54870
45903
55287
36715
49765
61885
47173
52481
30952
60067
44891
32447
86293
35109
40116
43868
36522
49411
40795
53641
68740
61253
50165
60908
21329
73360
47336
57917
71248
77033
64421
45826
46369
32831
39661
79511
60611
48597
61183
58554
56500
41919
80382
16591
34062
33798
45689
41020
55799
25070
36055
21805
36859
17464
37464
77863
30130
53999
75498
51769
80233
41115
59812
53703
34151
39609
49321
68409
64464
57489
51361
45346
53396
55149
45174
39913
43279
14469
13332
16559
27891
31059
28211
21602
22607
27961
26000
42413
33736
59539
59661
38942
20334
32845
57289
68308
37901
59753
36839
26801
14891
11802
32570
22215
34699
25778
44135
39788
30014
39967
25361
39454
21327
27920
22397
22050
58627
36915
36443
60954
31867
56098
53707
52330
44433
40001
41826
45355
38218
56262
54447
59940
28283
57380
43547
50545
23630
33791
53926
58240
27975
41823
30392
50446
61612
17059
38435
38065
32233
48480
67965
87156
47832
29557
50154
68768
53585
33612
38855
30077
29214
46900
50338
69481
46168
37759
35468
71317
65730
48554
45495
59260
44252
51558
53439
62030
56193
43963
49292
53186
21147
18699
21677
43881
39305
37034
41342
52295
32080
36224
50862
26771
20548
23925
23531
17930
15406
20896
28087
59087
51596
40188
87140
57399
64218
71482
76152
65265
54756
44738
67691
43464
47146
19345
19373
23520
18949
12418
10262
50013
25943
43700
25859
56663
13974
18541
38317
74130
43446
37321
33571
29011
26094
44647
25623
24949
22272
21462
18727
24023
21759
55190
87172
30897
37032
40956
27228
25370
15320
25002
21315
43867
21339
21925
29239
72852
28757
18832
31214
59663
37524
70144
51234
47920
38551
28310
54591
48254
35427
33043
35520
31051
50262
41274
20476
34096
31240
33644
24916
33726
66887
34807
22114
40114
47441
37077
37389
46150
16897
16213
18530
24507
25432
30434
28519
37541
66442
36770
73156
44926
27320
80204
35878
52117
14947
25010
23404
29176
23840
17501
26219
24313
21101
29804
27737
25689
24552
67339
54821
65944
44040
60102
54847
71464
65854
56387
51071
54371
69455
24749
18294
64804
67396
53732
52074
57528
45361
47814
58397
40500
61706
65008
60241
88511
21259
12858
16481
31074
23777
14712
21549
14402
60776
73940
78644
71475
81121
79918
86287
67585
68495
74741
49801
72343
81895
45739
40194
48649
49876
42082
36272
88491
34098
31452
43001
74948
30463
68908
22743
54151
25992
45379
46566
29292
56726
51028
51802
38270
52241
25375
26640
17265
29691
21010
22776
26064
29063
21937
25358
20150
41496
45930
40743
43235
56843
48039
39947
62250
37586
35426
62953
50230
57833
59298
54791
69124
79037
80164
78334
80608
75047
69716
43846
31422
64898
71819
54587
53032
47980
41297
60150
36498
32507
35624
34846
10156
14331
28311
26006
28825
31668
56464
26248
60829
34875
23298
42540
41599
22650
43091
20606
22162
26142
22350
20594
56603
51936
13782
16991
60662
58093
30234
68047
11683
15605
13368
19305
15816
14405
15329
16258
15033
18251
28740
65603
36413
39217
52281
62368
52767
57771
50762
37640
34737
44131
39416
40747
41362
46590
60343
64157
80601
73316
59344
79217
36662
26308
29759
66155
53484
80317
52983
46119
63266
54345
57301
52781
68068
53977
27925
41044
39281
18793
27714
31407
43692
38128
42514
29765
40318
25018
31639
42679
46854
32843
63207
64697
74206
74145
46037
85477
65958
55995
49396
80412
83640
58693
74171
76074
45412
54070
35943
38217
37571
48264
42627
41761
57492
51713
50678
78971
66265
30686
38683
34756
32616
32171
40910
31588
24108
22480
33713
27481
37461
32798
51058
41470
68309
50755
41799
46348
56595
49414
69661
43214
40005
46479
60544
50457
45840
52761
35247
48587
52358
34311
62137
51209
41934
56364
56379
52690
56985
17267
37345
44306
64631
57239
43691
46067
66817
25696
58290
46370
47633
61579
46831
58001
49263
65997
47146
50856
50837
18580
33958
32236
42802
37394
24550
31941
20654
36539
30099
20504
48231
60154
43830
38540
65348
67707
49885
77875
67214
28596
53666
78757
48012
46188
54121
62858
63660
59818
75978
33246
25942
43613
62290
61549
83751
34742
74925
36168
58165
38884
29864
83531
34215
22969
36281
44581
43371
43150
23255
26597
42340
47175
88852
37154
80079
84266
28891
32563
16308
13002
44493
24789
24960
18250
16413
13935
24510
45828
50626
56111
33405
44628
42932
42806
60492
44103
28485
41464
37500
64564
56986
50758
54420
46522
44739
42264
68631
57341
61087
58937
64788
37151
51634
27316
32497
28349
32775
38184
45109
41548
24169
20389
47046
30317
16098
28402
36178
29994
22068
30734
57159
79026
56580
23483
39864
44944
47524
54998
39098
49227
39295
50441
46009
43075
64826
45400
67311
55962
50429
42427
44504
49761
63573
65380
72764
49298
46731
55657
54948
63737
42125
49838
81706
59546
56375
49642
50717
54983
54021
67225
38477
61379
39128
40353
