259,108,0,0,0,0,0,0,0,0,0,0,0,0,0,0
64,280,270,48,65,0,0,0,0,0,0,0,0,0,0,0
219,221,0,0,0,0,0,0,0,0,0,0,0,0,0,0
15,0,0,0,0,0,0,0,0,0,0,0,0,0,0,0
63,64,0,0,0,0,0,0,0,0,0,0,0,0,0,0
304,0,0,0,0,0,0,0,0,0,0,0,0,0,0,0
278,265,0,0,0,0,0,0,0,0,0,0,0,0,0,0
168,175,0,0,0,0,0,0,0,0,0,0,0,0,0,0
21,31,0,0,0,0,0,0,0,0,0,0,0,0,0,0
165,294,0,0,0,0,0,0,0,0,0,0,0,0,0,0
192,0,0,0,0,0,0,0,0,0,0,0,0,0,0,0
238,0,0,0,0,0,0,0,0,0,0,0,0,0,0,0
167,0,0,0,0,0,0,0,0,0,0,0,0,0,0,0
213,4,15,169,11,183,0,0,0,0,0,0,0,0,0,0
271,110,0,0,0,0,0,0,0,0,0,0,0,0,0,0
136,277,0,0,0,0,0,0,0,0,0,0,0,0,0,0
212,59,0,0,0,0,0,0,0,0,0,0,0,0,0,0
26,262,13,20,0,0,0,0,0,0,0,0,0,0,0,0
25,252,23,258,0,0,0,0,0,0,0,0,0,0,0,0
247,264,254,0,0,0,0,0,0,0,0,0,0,0,0,0
303,155,0,0,0,0,0,0,0,0,0,0,0,0,0,0
14,49,0,0,0,0,0,0,0,0,0,0,0,0,0,0
36,0,0,0,0,0,0,0,0,0,0,0,0,0,0,0
196,0,0,0,0,0,0,0,0,0,0,0,0,0,0,0
83,90,0,0,0,0,0,0,0,0,0,0,0,0,0,0
166,173,0,0,0,0,0,0,0,0,0,0,0,0,0,0
195,187,58,0,0,0,0,0,0,0,0,0,0,0,0,0
181,172,141,0,0,0,0,0,0,0,0,0,0,0,0,0
147,0,0,0,0,0,0,0,0,0,0,0,0,0,0,0
306,0,0,0,0,0,0,0,0,0,0,0,0,0,0,0
106,0,0,0,0,0,0,0,0,0,0,0,0,0,0,0
286,300,0,0,0,0,0,0,0,0,0,0,0,0,0,0
262,263,0,0,0,0,0,0,0,0,0,0,0,0,0,0
325,0,0,0,0,0,0,0,0,0,0,0,0,0,0,0
63,0,0,0,0,0,0,0,0,0,0,0,0,0,0,0
201,250,0,0,0,0,0,0,0,0,0,0,0,0,0,0
24,0,0,0,0,0,0,0,0,0,0,0,0,0,0,0
63,212,18,0,0,0,0,0,0,0,0,0,0,0,0,0
100,103,32,0,0,0,0,0,0,0,0,0,0,0,0,0
247,0,0,0,0,0,0,0,0,0,0,0,0,0,0,0
319,0,0,0,0,0,0,0,0,0,0,0,0,0,0,0
274,305,304,259,0,0,0,0,0,0,0,0,0,0,0,0
52,0,0,0,0,0,0,0,0,0,0,0,0,0,0,0
110,113,0,0,0,0,0,0,0,0,0,0,0,0,0,0
53,0,0,0,0,0,0,0,0,0,0,0,0,0,0,0
39,40,0,0,0,0,0,0,0,0,0,0,0,0,0,0
188,182,246,0,0,0,0,0,0,0,0,0,0,0,0,0
115,0,0,0,0,0,0,0,0,0,0,0,0,0,0,0
168,47,44,49,0,0,0,0,0,0,0,0,0,0,0,0
67,68,63,64,0,0,0,0,0,0,0,0,0,0,0,0
40,0,0,0,0,0,0,0,0,0,0,0,0,0,0,0
17,11,0,0,0,0,0,0,0,0,0,0,0,0,0,0
271,278,272,0,0,0,0,0,0,0,0,0,0,0,0,0
240,0,0,0,0,0,0,0,0,0,0,0,0,0,0,0
319,0,0,0,0,0,0,0,0,0,0,0,0,0,0,0
180,0,0,0,0,0,0,0,0,0,0,0,0,0,0,0
27,0,0,0,0,0,0,0,0,0,0,0,0,0,0,0
53,0,0,0,0,0,0,0,0,0,0,0,0,0,0,0
100,0,0,0,0,0,0,0,0,0,0,0,0,0,0,0
202,0,0,0,0,0,0,0,0,0,0,0,0,0,0,0
129,272,0,0,0,0,0,0,0,0,0,0,0,0,0,0
75,308,290,0,0,0,0,0,0,0,0,0,0,0,0,0
139,117,0,0,0,0,0,0,0,0,0,0,0,0,0,0
83,133,0,0,0,0,0,0,0,0,0,0,0,0,0,0
229,105,0,0,0,0,0,0,0,0,0,0,0,0,0,0
237,0,0,0,0,0,0,0,0,0,0,0,0,0,0,0
273,0,0,0,0,0,0,0,0,0,0,0,0,0,0,0
168,0,0,0,0,0,0,0,0,0,0,0,0,0,0,0
186,10,0,0,0,0,0,0,0,0,0,0,0,0,0,0
200,0,0,0,0,0,0,0,0,0,0,0,0,0,0,0
321,131,0,0,0,0,0,0,0,0,0,0,0,0,0,0
14,0,0,0,0,0,0,0,0,0,0,0,0,0,0,0
24,275,0,0,0,0,0,0,0,0,0,0,0,0,0,0
305,306,38,308,307,16,0,0,0,0,0,0,0,0,0,0
232,0,0,0,0,0,0,0,0,0,0,0,0,0,0,0
120,0,0,0,0,0,0,0,0,0,0,0,0,0,0,0
253,256,0,0,0,0,0,0,0,0,0,0,0,0,0,0
31,0,0,0,0,0,0,0,0,0,0,0,0,0,0,0
19,0,0,0,0,0,0,0,0,0,0,0,0,0,0,0
165,173,0,0,0,0,0,0,0,0,0,0,0,0,0,0
80,0,0,0,0,0,0,0,0,0,0,0,0,0,0,0
218,213,224,0,0,0,0,0,0,0,0,0,0,0,0,0
284,0,0,0,0,0,0,0,0,0,0,0,0,0,0,0
7,154,145,0,0,0,0,0,0,0,0,0,0,0,0,0
267,0,0,0,0,0,0,0,0,0,0,0,0,0,0,0
20,0,0,0,0,0,0,0,0,0,0,0,0,0,0,0
196,0,0,0,0,0,0,0,0,0,0,0,0,0,0,0
220,221,0,0,0,0,0,0,0,0,0,0,0,0,0,0
285,0,0,0,0,0,0,0,0,0,0,0,0,0,0,0
304,0,0,0,0,0,0,0,0,0,0,0,0,0,0,0
188,0,0,0,0,0,0,0,0,0,0,0,0,0,0,0
26,0,0,0,0,0,0,0,0,0,0,0,0,0,0,0
229,0,0,0,0,0,0,0,0,0,0,0,0,0,0,0
49,42,0,0,0,0,0,0,0,0,0,0,0,0,0,0
30,0,0,0,0,0,0,0,0,0,0,0,0,0,0,0
10,0,0,0,0,0,0,0,0,0,0,0,0,0,0,0
224,0,0,0,0,0,0,0,0,0,0,0,0,0,0,0
326,176,285,0,0,0,0,0,0,0,0,0,0,0,0,0
161,0,0,0,0,0,0,0,0,0,0,0,0,0,0,0
113,0,0,0,0,0,0,0,0,0,0,0,0,0,0,0
157,0,0,0,0,0,0,0,0,0,0,0,0,0,0,0
51,0,0,0,0,0,0,0,0,0,0,0,0,0,0,0
80,0,0,0,0,0,0,0,0,0,0,0,0,0,0,0
299,0,0,0,0,0,0,0,0,0,0,0,0,0,0,0
304,97,118,0,0,0,0,0,0,0,0,0,0,0,0,0
114,111,0,0,0,0,0,0,0,0,0,0,0,0,0,0
5,0,0,0,0,0,0,0,0,0,0,0,0,0,0,0
187,22,0,0,0,0,0,0,0,0,0,0,0,0,0,0
269,0,0,0,0,0,0,0,0,0,0,0,0,0,0,0
128,0,0,0,0,0,0,0,0,0,0,0,0,0,0,0
155,0,0,0,0,0,0,0,0,0,0,0,0,0,0,0
139,0,0,0,0,0,0,0,0,0,0,0,0,0,0,0
245,246,0,0,0,0,0,0,0,0,0,0,0,0,0,0
152,0,0,0,0,0,0,0,0,0,0,0,0,0,0,0
62,61,57,60,0,0,0,0,0,0,0,0,0,0,0,0
193,0,0,0,0,0,0,0,0,0,0,0,0,0,0,0
229,0,0,0,0,0,0,0,0,0,0,0,0,0,0,0
324,279,0,0,0,0,0,0,0,0,0,0,0,0,0,0
287,237,0,0,0,0,0,0,0,0,0,0,0,0,0,0
128,0,0,0,0,0,0,0,0,0,0,0,0,0,0,0
216,219,16,0,0,0,0,0,0,0,0,0,0,0,0,0
262,0,0,0,0,0,0,0,0,0,0,0,0,0,0,0
261,0,0,0,0,0,0,0,0,0,0,0,0,0,0,0
180,0,0,0,0,0,0,0,0,0,0,0,0,0,0,0
125,73,0,0,0,0,0,0,0,0,0,0,0,0,0,0
203,201,202,0,0,0,0,0,0,0,0,0,0,0,0,0
170,0,0,0,0,0,0,0,0,0,0,0,0,0,0,0
208,29,0,0,0,0,0,0,0,0,0,0,0,0,0,0
106,10,0,0,0,0,0,0,0,0,0,0,0,0,0,0
140,0,0,0,0,0,0,0,0,0,0,0,0,0,0,0
97,102,155,162,161,0,0,0,0,0,0,0,0,0,0,0
195,182,184,319,326,321,114,0,0,0,0,0,0,0,0,0
40,218,0,0,0,0,0,0,0,0,0,0,0,0,0,0
231,0,0,0,0,0,0,0,0,0,0,0,0,0,0,0
26,55,0,0,0,0,0,0,0,0,0,0,0,0,0,0
169,0,0,0,0,0,0,0,0,0,0,0,0,0,0,0
101,6,0,0,0,0,0,0,0,0,0,0,0,0,0,0
80,0,0,0,0,0,0,0,0,0,0,0,0,0,0,0
242,264,249,0,0,0,0,0,0,0,0,0,0,0,0,0
119,0,0,0,0,0,0,0,0,0,0,0,0,0,0,0
253,251,97,0,0,0,0,0,0,0,0,0,0,0,0,0
191,0,0,0,0,0,0,0,0,0,0,0,0,0,0,0
324,271,0,0,0,0,0,0,0,0,0,0,0,0,0,0
298,302,0,0,0,0,0,0,0,0,0,0,0,0,0,0
129,0,0,0,0,0,0,0,0,0,0,0,0,0,0,0
213,13,9,47,4,285,0,0,0,0,0,0,0,0,0,0
82,250,0,0,0,0,0,0,0,0,0,0,0,0,0,0
201,59,57,196,62,0,0,0,0,0,0,0,0,0,0,0
211,0,0,0,0,0,0,0,0,0,0,0,0,0,0,0
120,124,0,0,0,0,0,0,0,0,0,0,0,0,0,0
34,0,0,0,0,0,0,0,0,0,0,0,0,0,0,0
4,192,75,190,0,0,0,0,0,0,0,0,0,0,0,0
41,0,0,0,0,0,0,0,0,0,0,0,0,0,0,0
237,13,246,0,0,0,0,0,0,0,0,0,0,0,0,0
42,0,0,0,0,0,0,0,0,0,0,0,0,0,0,0
275,276,0,0,0,0,0,0,0,0,0,0,0,0,0,0
192,102,118,114,57,0,0,0,0,0,0,0,0,0,0,0
229,0,0,0,0,0,0,0,0,0,0,0,0,0,0,0
38,39,0,0,0,0,0,0,0,0,0,0,0,0,0,0
304,255,257,263,249,308,307,0,0,0,0,0,0,0,0,0
267,0,0,0,0,0,0,0,0,0,0,0,0,0,0,0
253,248,0,0,0,0,0,0,0,0,0,0,0,0,0,0
245,242,238,0,0,0,0,0,0,0,0,0,0,0,0,0
87,48,51,0,0,0,0,0,0,0,0,0,0,0,0,0
3,107,0,0,0,0,0,0,0,0,0,0,0,0,0,0
277,0,0,0,0,0,0,0,0,0,0,0,0,0,0,0
43,0,0,0,0,0,0,0,0,0,0,0,0,0,0,0
64,0,0,0,0,0,0,0,0,0,0,0,0,0,0,0
197,203,0,0,0,0,0,0,0,0,0,0,0,0,0,0
149,0,0,0,0,0,0,0,0,0,0,0,0,0,0,0
214,0,0,0,0,0,0,0,0,0,0,0,0,0,0,0
253,0,0,0,0,0,0,0,0,0,0,0,0,0,0,0
186,143,0,0,0,0,0,0,0,0,0,0,0,0,0,0
70,0,0,0,0,0,0,0,0,0,0,0,0,0,0,0
209,0,0,0,0,0,0,0,0,0,0,0,0,0,0,0
128,129,326,319,0,0,0,0,0,0,0,0,0,0,0,0
192,57,0,0,0,0,0,0,0,0,0,0,0,0,0,0
43,0,0,0,0,0,0,0,0,0,0,0,0,0,0,0
192,29,0,0,0,0,0,0,0,0,0,0,0,0,0,0
305,0,0,0,0,0,0,0,0,0,0,0,0,0,0,0
181,110,0,0,0,0,0,0,0,0,0,0,0,0,0,0
43,0,0,0,0,0,0,0,0,0,0,0,0,0,0,0
68,64,0,0,0,0,0,0,0,0,0,0,0,0,0,0
270,0,0,0,0,0,0,0,0,0,0,0,0,0,0,0
294,0,0,0,0,0,0,0,0,0,0,0,0,0,0,0
324,0,0,0,0,0,0,0,0,0,0,0,0,0,0,0
250,0,0,0,0,0,0,0,0,0,0,0,0,0,0,0
20,0,0,0,0,0,0,0,0,0,0,0,0,0,0,0
166,35,161,0,0,0,0,0,0,0,0,0,0,0,0,0
247,307,305,0,0,0,0,0,0,0,0,0,0,0,0,0
199,0,0,0,0,0,0,0,0,0,0,0,0,0,0,0
276,0,0,0,0,0,0,0,0,0,0,0,0,0,0,0
261,0,0,0,0,0,0,0,0,0,0,0,0,0,0,0
59,0,0,0,0,0,0,0,0,0,0,0,0,0,0,0
26,0,0,0,0,0,0,0,0,0,0,0,0,0,0,0
187,0,0,0,0,0,0,0,0,0,0,0,0,0,0,0
19,0,0,0,0,0,0,0,0,0,0,0,0,0,0,0
258,0,0,0,0,0,0,0,0,0,0,0,0,0,0,0
222,0,0,0,0,0,0,0,0,0,0,0,0,0,0,0
26,0,0,0,0,0,0,0,0,0,0,0,0,0,0,0
240,0,0,0,0,0,0,0,0,0,0,0,0,0,0,0
138,0,0,0,0,0,0,0,0,0,0,0,0,0,0,0
33,0,0,0,0,0,0,0,0,0,0,0,0,0,0,0
170,0,0,0,0,0,0,0,0,0,0,0,0,0,0,0
255,0,0,0,0,0,0,0,0,0,0,0,0,0,0,0
289,220,265,0,0,0,0,0,0,0,0,0,0,0,0,0
130,192,0,0,0,0,0,0,0,0,0,0,0,0,0,0
134,135,0,0,0,0,0,0,0,0,0,0,0,0,0,0
190,185,166,0,0,0,0,0,0,0,0,0,0,0,0,0
260,0,0,0,0,0,0,0,0,0,0,0,0,0,0,0
324,276,0,0,0,0,0,0,0,0,0,0,0,0,0,0
174,0,0,0,0,0,0,0,0,0,0,0,0,0,0,0
167,176,0,0,0,0,0,0,0,0,0,0,0,0,0,0
275,245,241,326,279,274,0,0,0,0,0,0,0,0,0,0
214,266,6,229,231,5,14,0,0,0,0,0,0,0,0,0
128,64,65,154,276,66,273,162,155,0,0,0,0,0,0,0
39,31,19,23,186,171,168,41,184,38,0,0,0,0,0,0
136,0,0,0,0,0,0,0,0,0,0,0,0,0,0,0
143,0,0,0,0,0,0,0,0,0,0,0,0,0,0,0
124,0,0,0,0,0,0,0,0,0,0,0,0,0,0,0
137,0,0,0,0,0,0,0,0,0,0,0,0,0,0,0
293,0,0,0,0,0,0,0,0,0,0,0,0,0,0,0
68,0,0,0,0,0,0,0,0,0,0,0,0,0,0,0
12,0,0,0,0,0,0,0,0,0,0,0,0,0,0,0
290,0,0,0,0,0,0,0,0,0,0,0,0,0,0,0
152,0,0,0,0,0,0,0,0,0,0,0,0,0,0,0
233,0,0,0,0,0,0,0,0,0,0,0,0,0,0,0
196,0,0,0,0,0,0,0,0,0,0,0,0,0,0,0
295,0,0,0,0,0,0,0,0,0,0,0,0,0,0,0
169,0,0,0,0,0,0,0,0,0,0,0,0,0,0,0
168,0,0,0,0,0,0,0,0,0,0,0,0,0,0,0
99,0,0,0,0,0,0,0,0,0,0,0,0,0,0,0
40,0,0,0,0,0,0,0,0,0,0,0,0,0,0,0
154,231,0,0,0,0,0,0,0,0,0,0,0,0,0,0
268,214,0,0,0,0,0,0,0,0,0,0,0,0,0,0
172,29,0,0,0,0,0,0,0,0,0,0,0,0,0,0
199,196,197,0,0,0,0,0,0,0,0,0,0,0,0,0
25,0,0,0,0,0,0,0,0,0,0,0,0,0,0,0
148,142,132,0,0,0,0,0,0,0,0,0,0,0,0,0
44,0,0,0,0,0,0,0,0,0,0,0,0,0,0,0
325,326,222,0,0,0,0,0,0,0,0,0,0,0,0,0
180,0,0,0,0,0,0,0,0,0,0,0,0,0,0,0
40,108,39,0,0,0,0,0,0,0,0,0,0,0,0,0
143,0,0,0,0,0,0,0,0,0,0,0,0,0,0,0
172,133,275,0,0,0,0,0,0,0,0,0,0,0,0,0
176,187,0,0,0,0,0,0,0,0,0,0,0,0,0,0
92,0,0,0,0,0,0,0,0,0,0,0,0,0,0,0
97,293,0,0,0,0,0,0,0,0,0,0,0,0,0,0
251,13,0,0,0,0,0,0,0,0,0,0,0,0,0,0
62,202,0,0,0,0,0,0,0,0,0,0,0,0,0,0
298,0,0,0,0,0,0,0,0,0,0,0,0,0,0,0
245,0,0,0,0,0,0,0,0,0,0,0,0,0,0,0
238,0,0,0,0,0,0,0,0,0,0,0,0,0,0,0
173,175,0,0,0,0,0,0,0,0,0,0,0,0,0,0
267,304,0,0,0,0,0,0,0,0,0,0,0,0,0,0
222,0,0,0,0,0,0,0,0,0,0,0,0,0,0,0
169,0,0,0,0,0,0,0,0,0,0,0,0,0,0,0
296,0,0,0,0,0,0,0,0,0,0,0,0,0,0,0
34,2,0,0,0,0,0,0,0,0,0,0,0,0,0,0
162,0,0,0,0,0,0,0,0,0,0,0,0,0,0,0
68,0,0,0,0,0,0,0,0,0,0,0,0,0,0,0
33,0,0,0,0,0,0,0,0,0,0,0,0,0,0,0
89,0,0,0,0,0,0,0,0,0,0,0,0,0,0,0
229,271,0,0,0,0,0,0,0,0,0,0,0,0,0,0
220,0,0,0,0,0,0,0,0,0,0,0,0,0,0,0
183,0,0,0,0,0,0,0,0,0,0,0,0,0,0,0
108,274,0,0,0,0,0,0,0,0,0,0,0,0,0,0
104,0,0,0,0,0,0,0,0,0,0,0,0,0,0,0
29,0,0,0,0,0,0,0,0,0,0,0,0,0,0,0
132,0,0,0,0,0,0,0,0,0,0,0,0,0,0,0
148,0,0,0,0,0,0,0,0,0,0,0,0,0,0,0
279,0,0,0,0,0,0,0,0,0,0,0,0,0,0,0
15,0,0,0,0,0,0,0,0,0,0,0,0,0,0,0
197,0,0,0,0,0,0,0,0,0,0,0,0,0,0,0
154,0,0,0,0,0,0,0,0,0,0,0,0,0,0,0
5,0,0,0,0,0,0,0,0,0,0,0,0,0,0,0
229,0,0,0,0,0,0,0,0,0,0,0,0,0,0,0
184,0,0,0,0,0,0,0,0,0,0,0,0,0,0,0
268,0,0,0,0,0,0,0,0,0,0,0,0,0,0,0
245,0,0,0,0,0,0,0,0,0,0,0,0,0,0,0
181,179,0,0,0,0,0,0,0,0,0,0,0,0,0,0
47,86,0,0,0,0,0,0,0,0,0,0,0,0,0,0
245,220,190,2,0,0,0,0,0,0,0,0,0,0,0,0
55,21,46,0,0,0,0,0,0,0,0,0,0,0,0,0
14,180,172,0,0,0,0,0,0,0,0,0,0,0,0,0
126,304,58,0,0,0,0,0,0,0,0,0,0,0,0,0
182,0,0,0,0,0,0,0,0,0,0,0,0,0,0,0
285,0,0,0,0,0,0,0,0,0,0,0,0,0,0,0
145,0,0,0,0,0,0,0,0,0,0,0,0,0,0,0
151,131,0,0,0,0,0,0,0,0,0,0,0,0,0,0
37,171,0,0,0,0,0,0,0,0,0,0,0,0,0,0
142,39,0,0,0,0,0,0,0,0,0,0,0,0,0,0
260,0,0,0,0,0,0,0,0,0,0,0,0,0,0,0
231,194,278,232,233,0,0,0,0,0,0,0,0,0,0,0
158,0,0,0,0,0,0,0,0,0,0,0,0,0,0,0
319,321,0,0,0,0,0,0,0,0,0,0,0,0,0,0
217,0,0,0,0,0,0,0,0,0,0,0,0,0,0,0
50,0,0,0,0,0,0,0,0,0,0,0,0,0,0,0
257,0,0,0,0,0,0,0,0,0,0,0,0,0,0,0
306,0,0,0,0,0,0,0,0,0,0,0,0,0,0,0
203,0,0,0,0,0,0,0,0,0,0,0,0,0,0,0
292,0,0,0,0,0,0,0,0,0,0,0,0,0,0,0
143,0,0,0,0,0,0,0,0,0,0,0,0,0,0,0
100,0,0,0,0,0,0,0,0,0,0,0,0,0,0,0
102,203,158,0,0,0,0,0,0,0,0,0,0,0,0,0
220,0,0,0,0,0,0,0,0,0,0,0,0,0,0,0
253,0,0,0,0,0,0,0,0,0,0,0,0,0,0,0
209,185,0,0,0,0,0,0,0,0,0,0,0,0,0,0
53,219,0,0,0,0,0,0,0,0,0,0,0,0,0,0
200,0,0,0,0,0,0,0,0,0,0,0,0,0,0,0
238,0,0,0,0,0,0,0,0,0,0,0,0,0,0,0
58,0,0,0,0,0,0,0,0,0,0,0,0,0,0,0
307,0,0,0,0,0,0,0,0,0,0,0,0,0,0,0
285,294,178,0,0,0,0,0,0,0,0,0,0,0,0,0
21,0,0,0,0,0,0,0,0,0,0,0,0,0,0,0
175,0,0,0,0,0,0,0,0,0,0,0,0,0,0,0
287,299,0,0,0,0,0,0,0,0,0,0,0,0,0,0
135,143,0,0,0,0,0,0,0,0,0,0,0,0,0,0
267,0,0,0,0,0,0,0,0,0,0,0,0,0,0,0
247,263,253,0,0,0,0,0,0,0,0,0,0,0,0,0
144,133,0,0,0,0,0,0,0,0,0,0,0,0,0,0
40,0,0,0,0,0,0,0,0,0,0,0,0,0,0,0
28,0,0,0,0,0,0,0,0,0,0,0,0,0,0,0
32,22,0,0,0,0,0,0,0,0,0,0,0,0,0,0
250,261,0,0,0,0,0,0,0,0,0,0,0,0,0,0
122,0,0,0,0,0,0,0,0,0,0,0,0,0,0,0
292,0,0,0,0,0,0,0,0,0,0,0,0,0,0,0
157,0,0,0,0,0,0,0,0,0,0,0,0,0,0,0
37,0,0,0,0,0,0,0,0,0,0,0,0,0,0,0
33,0,0,0,0,0,0,0,0,0,0,0,0,0,0,0
235,0,0,0,0,0,0,0,0,0,0,0,0,0,0,0
248,0,0,0,0,0,0,0,0,0,0,0,0,0,0,0
121,0,0,0,0,0,0,0,0,0,0,0,0,0,0,0
13,0,0,0,0,0,0,0,0,0,0,0,0,0,0,0
193,189,0,0,0,0,0,0,0,0,0,0,0,0,0,0
234,0,0,0,0,0,0,0,0,0,0,0,0,0,0,0
304,0,0,0,0,0,0,0,0,0,0,0,0,0,0,0
147,0,0,0,0,0,0,0,0,0,0,0,0,0,0,0
67,197,0,0,0,0,0,0,0,0,0,0,0,0,0,0
24,26,0,0,0,0,0,0,0,0,0,0,0,0,0,0
97,0,0,0,0,0,0,0,0,0,0,0,0,0,0,0
22,0,0,0,0,0,0,0,0,0,0,0,0,0,0,0
277,0,0,0,0,0,0,0,0,0,0,0,0,0,0,0
269,0,0,0,0,0,0,0,0,0,0,0,0,0,0,0
115,206,0,0,0,0,0,0,0,0,0,0,0,0,0,0
27,0,0,0,0,0,0,0,0,0,0,0,0,0,0,0
217,168,0,0,0,0,0,0,0,0,0,0,0,0,0,0
162,0,0,0,0,0,0,0,0,0,0,0,0,0,0,0
304,0,0,0,0,0,0,0,0,0,0,0,0,0,0,0
287,0,0,0,0,0,0,0,0,0,0,0,0,0,0,0
115,0,0,0,0,0,0,0,0,0,0,0,0,0,0,0
182,0,0,0,0,0,0,0,0,0,0,0,0,0,0,0
196,0,0,0,0,0,0,0,0,0,0,0,0,0,0,0
221,0,0,0,0,0,0,0,0,0,0,0,0,0,0,0
124,0,0,0,0,0,0,0,0,0,0,0,0,0,0,0
47,0,0,0,0,0,0,0,0,0,0,0,0,0,0,0
248,0,0,0,0,0,0,0,0,0,0,0,0,0,0,0
104,0,0,0,0,0,0,0,0,0,0,0,0,0,0,0
177,0,0,0,0,0,0,0,0,0,0,0,0,0,0,0
83,0,0,0,0,0,0,0,0,0,0,0,0,0,0,0
268,0,0,0,0,0,0,0,0,0,0,0,0,0,0,0
269,0,0,0,0,0,0,0,0,0,0,0,0,0,0,0
167,0,0,0,0,0,0,0,0,0,0,0,0,0,0,0
126,307,0,0,0,0,0,0,0,0,0,0,0,0,0,0
64,0,0,0,0,0,0,0,0,0,0,0,0,0,0,0
271,206,0,0,0,0,0,0,0,0,0,0,0,0,0,0
97,81,32,0,0,0,0,0,0,0,0,0,0,0,0,0
87,0,0,0,0,0,0,0,0,0,0,0,0,0,0,0
260,0,0,0,0,0,0,0,0,0,0,0,0,0,0,0
11,4,0,0,0,0,0,0,0,0,0,0,0,0,0,0
305,0,0,0,0,0,0,0,0,0,0,0,0,0,0,0
4,8,0,0,0,0,0,0,0,0,0,0,0,0,0,0
24,0,0,0,0,0,0,0,0,0,0,0,0,0,0,0
298,0,0,0,0,0,0,0,0,0,0,0,0,0,0,0
206,199,0,0,0,0,0,0,0,0,0,0,0,0,0,0
255,0,0,0,0,0,0,0,0,0,0,0,0,0,0,0
146,0,0,0,0,0,0,0,0,0,0,0,0,0,0,0
231,0,0,0,0,0,0,0,0,0,0,0,0,0,0,0
128,0,0,0,0,0,0,0,0,0,0,0,0,0,0,0
14,0,0,0,0,0,0,0,0,0,0,0,0,0,0,0
268,0,0,0,0,0,0,0,0,0,0,0,0,0,0,0
292,0,0,0,0,0,0,0,0,0,0,0,0,0,0,0
52,0,0,0,0,0,0,0,0,0,0,0,0,0,0,0
187,0,0,0,0,0,0,0,0,0,0,0,0,0,0,0
213,222,0,0,0,0,0,0,0,0,0,0,0,0,0,0
254,278,276,277,0,0,0,0,0,0,0,0,0,0,0,0
240,44,0,0,0,0,0,0,0,0,0,0,0,0,0,0
117,115,0,0,0,0,0,0,0,0,0,0,0,0,0,0
22,19,0,0,0,0,0,0,0,0,0,0,0,0,0,0
155,178,0,0,0,0,0,0,0,0,0,0,0,0,0,0
66,65,0,0,0,0,0,0,0,0,0,0,0,0,0,0
298,0,0,0,0,0,0,0,0,0,0,0,0,0,0,0
75,0,0,0,0,0,0,0,0,0,0,0,0,0,0,0
216,208,0,0,0,0,0,0,0,0,0,0,0,0,0,0
7,0,0,0,0,0,0,0,0,0,0,0,0,0,0,0
291,290,0,0,0,0,0,0,0,0,0,0,0,0,0,0
125,0,0,0,0,0,0,0,0,0,0,0,0,0,0,0
294,0,0,0,0,0,0,0,0,0,0,0,0,0,0,0
279,0,0,0,0,0,0,0,0,0,0,0,0,0,0,0
48,0,0,0,0,0,0,0,0,0,0,0,0,0,0,0
242,0,0,0,0,0,0,0,0,0,0,0,0,0,0,0
197,0,0,0,0,0,0,0,0,0,0,0,0,0,0,0
304,0,0,0,0,0,0,0,0,0,0,0,0,0,0,0
262,0,0,0,0,0,0,0,0,0,0,0,0,0,0,0
220,208,0,0,0,0,0,0,0,0,0,0,0,0,0,0
255,0,0,0,0,0,0,0,0,0,0,0,0,0,0,0
253,0,0,0,0,0,0,0,0,0,0,0,0,0,0,0
20,0,0,0,0,0,0,0,0,0,0,0,0,0,0,0
233,0,0,0,0,0,0,0,0,0,0,0,0,0,0,0
176,0,0,0,0,0,0,0,0,0,0,0,0,0,0,0
7,15,0,0,0,0,0,0,0,0,0,0,0,0,0,0
108,0,0,0,0,0,0,0,0,0,0,0,0,0,0,0
252,36,37,38,238,0,0,0,0,0,0,0,0,0,0,0
278,279,271,280,0,0,0,0,0,0,0,0,0,0,0,0
201,0,0,0,0,0,0,0,0,0,0,0,0,0,0,0
255,0,0,0,0,0,0,0,0,0,0,0,0,0,0,0
112,115,0,0,0,0,0,0,0,0,0,0,0,0,0,0
88,0,0,0,0,0,0,0,0,0,0,0,0,0,0,0
237,235,63,66,269,238,0,0,0,0,0,0,0,0,0,0
189,54,208,219,0,0,0,0,0,0,0,0,0,0,0,0
216,224,0,0,0,0,0,0,0,0,0,0,0,0,0,0
191,190,274,296,293,284,270,0,0,0,0,0,0,0,0,0
166,17,0,0,0,0,0,0,0,0,0,0,0,0,0,0
170,158,173,0,0,0,0,0,0,0,0,0,0,0,0,0
233,0,0,0,0,0,0,0,0,0,0,0,0,0,0,0
272,0,0,0,0,0,0,0,0,0,0,0,0,0,0,0
99,0,0,0,0,0,0,0,0,0,0,0,0,0,0,0
242,246,0,0,0,0,0,0,0,0,0,0,0,0,0,0
200,0,0,0,0,0,0,0,0,0,0,0,0,0,0,0
76,287,237,75,0,0,0,0,0,0,0,0,0,0,0,0
55,19,33,0,0,0,0,0,0,0,0,0,0,0,0,0
32,326,0,0,0,0,0,0,0,0,0,0,0,0,0,0
299,14,9,176,18,0,0,0,0,0,0,0,0,0,0,0
167,179,175,0,0,0,0,0,0,0,0,0,0,0,0,0
127,0,0,0,0,0,0,0,0,0,0,0,0,0,0,0
202,113,0,0,0,0,0,0,0,0,0,0,0,0,0,0
61,248,158,0,0,0,0,0,0,0,0,0,0,0,0,0
185,220,213,0,0,0,0,0,0,0,0,0,0,0,0,0
219,0,0,0,0,0,0,0,0,0,0,0,0,0,0,0
307,0,0,0,0,0,0,0,0,0,0,0,0,0,0,0
51,0,0,0,0,0,0,0,0,0,0,0,0,0,0,0
224,0,0,0,0,0,0,0,0,0,0,0,0,0,0,0
197,0,0,0,0,0,0,0,0,0,0,0,0,0,0,0
188,0,0,0,0,0,0,0,0,0,0,0,0,0,0,0
146,73,23,29,0,0,0,0,0,0,0,0,0,0,0,0
267,269,229,0,0,0,0,0,0,0,0,0,0,0,0,0
117,105,0,0,0,0,0,0,0,0,0,0,0,0,0,0
168,0,0,0,0,0,0,0,0,0,0,0,0,0,0,0
42,17,5,1,0,0,0,0,0,0,0,0,0,0,0,0
110,0,0,0,0,0,0,0,0,0,0,0,0,0,0,0
305,0,0,0,0,0,0,0,0,0,0,0,0,0,0,0
155,0,0,0,0,0,0,0,0,0,0,0,0,0,0,0
185,0,0,0,0,0,0,0,0,0,0,0,0,0,0,0
133,50,0,0,0,0,0,0,0,0,0,0,0,0,0,0
262,150,0,0,0,0,0,0,0,0,0,0,0,0,0,0
58,158,0,0,0,0,0,0,0,0,0,0,0,0,0,0
206,0,0,0,0,0,0,0,0,0,0,0,0,0,0,0
76,77,273,78,196,0,0,0,0,0,0,0,0,0,0,0
172,0,0,0,0,0,0,0,0,0,0,0,0,0,0,0
91,0,0,0,0,0,0,0,0,0,0,0,0,0,0,0
300,165,191,0,0,0,0,0,0,0,0,0,0,0,0,0
67,66,64,0,0,0,0,0,0,0,0,0,0,0,0,0
229,232,233,138,0,0,0,0,0,0,0,0,0,0,0,0
116,0,0,0,0,0,0,0,0,0,0,0,0,0,0,0
202,206,0,0,0,0,0,0,0,0,0,0,0,0,0,0
108,97,175,0,0,0,0,0,0,0,0,0,0,0,0,0
174,325,0,0,0,0,0,0,0,0,0,0,0,0,0,0
304,110,102,200,0,0,0,0,0,0,0,0,0,0,0,0
27,0,0,0,0,0,0,0,0,0,0,0,0,0,0,0
229,0,0,0,0,0,0,0,0,0,0,0,0,0,0,0
272,0,0,0,0,0,0,0,0,0,0,0,0,0,0,0
64,0,0,0,0,0,0,0,0,0,0,0,0,0,0,0
113,0,0,0,0,0,0,0,0,0,0,0,0,0,0,0
124,119,213,0,0,0,0,0,0,0,0,0,0,0,0,0
117,0,0,0,0,0,0,0,0,0,0,0,0,0,0,0
6,14,0,0,0,0,0,0,0,0,0,0,0,0,0,0
231,229,232,278,0,0,0,0,0,0,0,0,0,0,0,0
93,284,0,0,0,0,0,0,0,0,0,0,0,0,0,0
141,129,305,146,0,0,0,0,0,0,0,0,0,0,0,0
62,0,0,0,0,0,0,0,0,0,0,0,0,0,0,0
184,0,0,0,0,0,0,0,0,0,0,0,0,0,0,0
137,147,0,0,0,0,0,0,0,0,0,0,0,0,0,0
302,0,0,0,0,0,0,0,0,0,0,0,0,0,0,0
267,10,0,0,0,0,0,0,0,0,0,0,0,0,0,0
144,33,0,0,0,0,0,0,0,0,0,0,0,0,0,0
114,0,0,0,0,0,0,0,0,0,0,0,0,0,0,0
297,0,0,0,0,0,0,0,0,0,0,0,0,0,0,0
241,0,0,0,0,0,0,0,0,0,0,0,0,0,0,0
212,143,150,0,0,0,0,0,0,0,0,0,0,0,0,0
233,0,0,0,0,0,0,0,0,0,0,0,0,0,0,0
266,0,0,0,0,0,0,0,0,0,0,0,0,0,0,0
253,0,0,0,0,0,0,0,0,0,0,0,0,0,0,0
121,110,113,0,0,0,0,0,0,0,0,0,0,0,0,0
13,206,0,0,0,0,0,0,0,0,0,0,0,0,0,0
179,141,0,0,0,0,0,0,0,0,0,0,0,0,0,0
56,0,0,0,0,0,0,0,0,0,0,0,0,0,0,0
6,0,0,0,0,0,0,0,0,0,0,0,0,0,0,0
202,245,0,0,0,0,0,0,0,0,0,0,0,0,0,0
277,0,0,0,0,0,0,0,0,0,0,0,0,0,0,0
272,271,270,0,0,0,0,0,0,0,0,0,0,0,0,0
202,88,0,0,0,0,0,0,0,0,0,0,0,0,0,0
27,26,33,0,0,0,0,0,0,0,0,0,0,0,0,0
136,132,0,0,0,0,0,0,0,0,0,0,0,0,0,0
245,295,292,287,0,0,0,0,0,0,0,0,0,0,0,0
305,0,0,0,0,0,0,0,0,0,0,0,0,0,0,0
262,0,0,0,0,0,0,0,0,0,0,0,0,0,0,0
233,0,0,0,0,0,0,0,0,0,0,0,0,0,0,0
260,0,0,0,0,0,0,0,0,0,0,0,0,0,0,0
13,0,0,0,0,0,0,0,0,0,0,0,0,0,0,0
129,128,0,0,0,0,0,0,0,0,0,0,0,0,0,0
196,200,199,0,0,0,0,0,0,0,0,0,0,0,0,0
290,144,148,0,0,0,0,0,0,0,0,0,0,0,0,0
161,154,0,0,0,0,0,0,0,0,0,0,0,0,0,0
324,325,326,322,0,0,0,0,0,0,0,0,0,0,0,0
211,0,0,0,0,0,0,0,0,0,0,0,0,0,0,0
49,43,0,0,0,0,0,0,0,0,0,0,0,0,0,0
245,0,0,0,0,0,0,0,0,0,0,0,0,0,0,0
288,0,0,0,0,0,0,0,0,0,0,0,0,0,0,0
22,0,0,0,0,0,0,0,0,0,0,0,0,0,0,0
70,219,34,0,0,0,0,0,0,0,0,0,0,0,0,0
306,202,0,0,0,0,0,0,0,0,0,0,0,0,0,0
177,165,166,0,0,0,0,0,0,0,0,0,0,0,0,0
268,297,0,0,0,0,0,0,0,0,0,0,0,0,0,0
255,260,262,0,0,0,0,0,0,0,0,0,0,0,0,0
125,0,0,0,0,0,0,0,0,0,0,0,0,0,0,0
24,0,0,0,0,0,0,0,0,0,0,0,0,0,0,0
212,272,241,0,0,0,0,0,0,0,0,0,0,0,0,0
231,151,0,0,0,0,0,0,0,0,0,0,0,0,0,0
48,0,0,0,0,0,0,0,0,0,0,0,0,0,0,0
259,0,0,0,0,0,0,0,0,0,0,0,0,0,0,0
107,0,0,0,0,0,0,0,0,0,0,0,0,0,0,0
28,0,0,0,0,0,0,0,0,0,0,0,0,0,0,0
39,40,41,0,0,0,0,0,0,0,0,0,0,0,0,0
22,0,0,0,0,0,0,0,0,0,0,0,0,0,0,0
75,0,0,0,0,0,0,0,0,0,0,0,0,0,0,0
20,0,0,0,0,0,0,0,0,0,0,0,0,0,0,0
138,143,0,0,0,0,0,0,0,0,0,0,0,0,0,0
28,120,119,0,0,0,0,0,0,0,0,0,0,0,0,0
277,17,0,0,0,0,0,0,0,0,0,0,0,0,0,0
217,113,64,0,0,0,0,0,0,0,0,0,0,0,0,0
221,211,0,0,0,0,0,0,0,0,0,0,0,0,0,0
268,265,0,0,0,0,0,0,0,0,0,0,0,0,0,0
296,300,0,0,0,0,0,0,0,0,0,0,0,0,0,0
248,254,0,0,0,0,0,0,0,0,0,0,0,0,0,0
167,181,177,0,0,0,0,0,0,0,0,0,0,0,0,0
272,0,0,0,0,0,0,0,0,0,0,0,0,0,0,0
106,0,0,0,0,0,0,0,0,0,0,0,0,0,0,0
245,34,0,0,0,0,0,0,0,0,0,0,0,0,0,0
293,101,112,0,0,0,0,0,0,0,0,0,0,0,0,0
253,261,0,0,0,0,0,0,0,0,0,0,0,0,0,0
222,0,0,0,0,0,0,0,0,0,0,0,0,0,0,0
288,0,0,0,0,0,0,0,0,0,0,0,0,0,0,0
247,248,260,0,0,0,0,0,0,0,0,0,0,0,0,0
171,0,0,0,0,0,0,0,0,0,0,0,0,0,0,0
259,0,0,0,0,0,0,0,0,0,0,0,0,0,0,0
13,0,0,0,0,0,0,0,0,0,0,0,0,0,0,0
37,0,0,0,0,0,0,0,0,0,0,0,0,0,0,0
66,0,0,0,0,0,0,0,0,0,0,0,0,0,0,0
229,0,0,0,0,0,0,0,0,0,0,0,0,0,0,0
48,0,0,0,0,0,0,0,0,0,0,0,0,0,0,0
285,294,296,0,0,0,0,0,0,0,0,0,0,0,0,0
35,0,0,0,0,0,0,0,0,0,0,0,0,0,0,0
125,0,0,0,0,0,0,0,0,0,0,0,0,0,0,0
247,0,0,0,0,0,0,0,0,0,0,0,0,0,0,0
217,0,0,0,0,0,0,0,0,0,0,0,0,0,0,0
277,0,0,0,0,0,0,0,0,0,0,0,0,0,0,0
144,287,286,0,0,0,0,0,0,0,0,0,0,0,0,0
284,0,0,0,0,0,0,0,0,0,0,0,0,0,0,0
45,0,0,0,0,0,0,0,0,0,0,0,0,0,0,0
192,0,0,0,0,0,0,0,0,0,0,0,0,0,0,0
305,0,0,0,0,0,0,0,0,0,0,0,0,0,0,0
211,0,0,0,0,0,0,0,0,0,0,0,0,0,0,0
30,0,0,0,0,0,0,0,0,0,0,0,0,0,0,0
116,180,0,0,0,0,0,0,0,0,0,0,0,0,0,0
134,0,0,0,0,0,0,0,0,0,0,0,0,0,0,0
68,42,0,0,0,0,0,0,0,0,0,0,0,0,0,0
307,139,144,305,0,0,0,0,0,0,0,0,0,0,0,0
149,286,0,0,0,0,0,0,0,0,0,0,0,0,0,0
53,0,0,0,0,0,0,0,0,0,0,0,0,0,0,0
54,49,0,0,0,0,0,0,0,0,0,0,0,0,0,0
294,0,0,0,0,0,0,0,0,0,0,0,0,0,0,0
220,33,20,32,0,0,0,0,0,0,0,0,0,0,0,0
296,0,0,0,0,0,0,0,0,0,0,0,0,0,0,0
139,262,6,0,0,0,0,0,0,0,0,0,0,0,0,0
88,90,235,0,0,0,0,0,0,0,0,0,0,0,0,0
126,0,0,0,0,0,0,0,0,0,0,0,0,0,0,0
268,148,0,0,0,0,0,0,0,0,0,0,0,0,0,0
222,213,0,0,0,0,0,0,0,0,0,0,0,0,0,0
22,166,0,0,0,0,0,0,0,0,0,0,0,0,0,0
300,295,0,0,0,0,0,0,0,0,0,0,0,0,0,0
143,99,138,135,0,0,0,0,0,0,0,0,0,0,0,0
240,0,0,0,0,0,0,0,0,0,0,0,0,0,0,0
104,0,0,0,0,0,0,0,0,0,0,0,0,0,0,0
240,0,0,0,0,0,0,0,0,0,0,0,0,0,0,0
190,0,0,0,0,0,0,0,0,0,0,0,0,0,0,0
251,142,259,117,0,0,0,0,0,0,0,0,0,0,0,0
17,27,0,0,0,0,0,0,0,0,0,0,0,0,0,0
199,265,0,0,0,0,0,0,0,0,0,0,0,0,0,0
59,206,201,196,0,0,0,0,0,0,0,0,0,0,0,0
42,0,0,0,0,0,0,0,0,0,0,0,0,0,0,0
233,0,0,0,0,0,0,0,0,0,0,0,0,0,0,0
117,135,0,0,0,0,0,0,0,0,0,0,0,0,0,0
127,30,0,0,0,0,0,0,0,0,0,0,0,0,0,0
110,0,0,0,0,0,0,0,0,0,0,0,0,0,0,0
172,151,162,161,157,154,0,0,0,0,0,0,0,0,0,0
256,289,291,0,0,0,0,0,0,0,0,0,0,0,0,0
252,251,0,0,0,0,0,0,0,0,0,0,0,0,0,0
99,0,0,0,0,0,0,0,0,0,0,0,0,0,0,0
235,245,0,0,0,0,0,0,0,0,0,0,0,0,0,0
177,0,0,0,0,0,0,0,0,0,0,0,0,0,0,0
152,0,0,0,0,0,0,0,0,0,0,0,0,0,0,0
195,192,183,83,84,0,0,0,0,0,0,0,0,0,0,0
255,306,0,0,0,0,0,0,0,0,0,0,0,0,0,0
165,51,0,0,0,0,0,0,0,0,0,0,0,0,0,0
263,260,0,0,0,0,0,0,0,0,0,0,0,0,0,0
4,121,119,120,122,190,0,0,0,0,0,0,0,0,0,0
259,251,167,0,0,0,0,0,0,0,0,0,0,0,0,0
91,20,245,0,0,0,0,0,0,0,0,0,0,0,0,0
267,220,218,224,0,0,0,0,0,0,0,0,0,0,0,0
129,126,0,0,0,0,0,0,0,0,0,0,0,0,0,0
253,134,0,0,0,0,0,0,0,0,0,0,0,0,0,0
274,0,0,0,0,0,0,0,0,0,0,0,0,0,0,0
162,154,0,0,0,0,0,0,0,0,0,0,0,0,0,0
111,0,0,0,0,0,0,0,0,0,0,0,0,0,0,0
170,0,0,0,0,0,0,0,0,0,0,0,0,0,0,0
34,0,0,0,0,0,0,0,0,0,0,0,0,0,0,0
269,0,0,0,0,0,0,0,0,0,0,0,0,0,0,0
186,0,0,0,0,0,0,0,0,0,0,0,0,0,0,0
246,0,0,0,0,0,0,0,0,0,0,0,0,0,0,0
232,229,0,0,0,0,0,0,0,0,0,0,0,0,0,0
33,35,0,0,0,0,0,0,0,0,0,0,0,0,0,0
263,0,0,0,0,0,0,0,0,0,0,0,0,0,0,0
35,0,0,0,0,0,0,0,0,0,0,0,0,0,0,0
130,15,0,0,0,0,0,0,0,0,0,0,0,0,0,0
184,194,0,0,0,0,0,0,0,0,0,0,0,0,0,0
200,0,0,0,0,0,0,0,0,0,0,0,0,0,0,0
190,0,0,0,0,0,0,0,0,0,0,0,0,0,0,0
144,136,119,124,122,151,0,0,0,0,0,0,0,0,0,0
146,148,0,0,0,0,0,0,0,0,0,0,0,0,0,0
275,280,0,0,0,0,0,0,0,0,0,0,0,0,0,0
111,0,0,0,0,0,0,0,0,0,0,0,0,0,0,0
52,0,0,0,0,0,0,0,0,0,0,0,0,0,0,0
47,140,76,0,0,0,0,0,0,0,0,0,0,0,0,0
130,306,0,0,0,0,0,0,0,0,0,0,0,0,0,0
278,155,0,0,0,0,0,0,0,0,0,0,0,0,0,0
165,178,179,0,0,0,0,0,0,0,0,0,0,0,0,0
43,221,0,0,0,0,0,0,0,0,0,0,0,0,0,0
249,112,144,0,0,0,0,0,0,0,0,0,0,0,0,0
197,84,81,83,201,171,170,0,0,0,0,0,0,0,0,0
275,99,0,0,0,0,0,0,0,0,0,0,0,0,0,0
325,59,0,0,0,0,0,0,0,0,0,0,0,0,0,0
247,217,0,0,0,0,0,0,0,0,0,0,0,0,0,0
242,0,0,0,0,0,0,0,0,0,0,0,0,0,0,0
268,107,265,0,0,0,0,0,0,0,0,0,0,0,0,0
299,0,0,0,0,0,0,0,0,0,0,0,0,0,0,0
90,88,252,260,106,0,0,0,0,0,0,0,0,0,0,0
201,197,61,0,0,0,0,0,0,0,0,0,0,0,0,0
29,0,0,0,0,0,0,0,0,0,0,0,0,0,0,0
50,55,0,0,0,0,0,0,0,0,0,0,0,0,0,0
189,0,0,0,0,0,0,0,0,0,0,0,0,0,0,0
178,0,0,0,0,0,0,0,0,0,0,0,0,0,0,0
134,0,0,0,0,0,0,0,0,0,0,0,0,0,0,0
224,222,0,0,0,0,0,0,0,0,0,0,0,0,0,0
101,0,0,0,0,0,0,0,0,0,0,0,0,0,0,0
7,9,0,0,0,0,0,0,0,0,0,0,0,0,0,0
298,110,0,0,0,0,0,0,0,0,0,0,0,0,0,0
216,0,0,0,0,0,0,0,0,0,0,0,0,0,0,0
6,16,0,0,0,0,0,0,0,0,0,0,0,0,0,0
240,0,0,0,0,0,0,0,0,0,0,0,0,0,0,0
30,102,250,0,0,0,0,0,0,0,0,0,0,0,0,0
4,8,0,0,0,0,0,0,0,0,0,0,0,0,0,0
242,0,0,0,0,0,0,0,0,0,0,0,0,0,0,0
286,260,247,0,0,0,0,0,0,0,0,0,0,0,0,0
128,0,0,0,0,0,0,0,0,0,0,0,0,0,0,0
252,261,254,257,0,0,0,0,0,0,0,0,0,0,0,0
245,0,0,0,0,0,0,0,0,0,0,0,0,0,0,0
212,0,0,0,0,0,0,0,0,0,0,0,0,0,0,0
196,202,0,0,0,0,0,0,0,0,0,0,0,0,0,0
98,0,0,0,0,0,0,0,0,0,0,0,0,0,0,0
168,175,0,0,0,0,0,0,0,0,0,0,0,0,0,0
52,40,0,0,0,0,0,0,0,0,0,0,0,0,0,0
143,237,242,0,0,0,0,0,0,0,0,0,0,0,0,0
231,101,0,0,0,0,0,0,0,0,0,0,0,0,0,0
264,0,0,0,0,0,0,0,0,0,0,0,0,0,0,0
234,0,0,0,0,0,0,0,0,0,0,0,0,0,0,0
116,301,296,197,0,0,0,0,0,0,0,0,0,0,0,0
121,120,119,0,0,0,0,0,0,0,0,0,0,0,0,0
218,208,213,0,0,0,0,0,0,0,0,0,0,0,0,0
135,0,0,0,0,0,0,0,0,0,0,0,0,0,0,0
8,13,0,0,0,0,0,0,0,0,0,0,0,0,0,0
180,0,0,0,0,0,0,0,0,0,0,0,0,0,0,0
217,0,0,0,0,0,0,0,0,0,0,0,0,0,0,0
255,0,0,0,0,0,0,0,0,0,0,0,0,0,0,0
248,0,0,0,0,0,0,0,0,0,0,0,0,0,0,0
15,0,0,0,0,0,0,0,0,0,0,0,0,0,0,0
172,165,0,0,0,0,0,0,0,0,0,0,0,0,0,0
57,0,0,0,0,0,0,0,0,0,0,0,0,0,0,0
324,0,0,0,0,0,0,0,0,0,0,0,0,0,0,0
167,0,0,0,0,0,0,0,0,0,0,0,0,0,0,0
295,288,302,0,0,0,0,0,0,0,0,0,0,0,0,0
24,0,0,0,0,0,0,0,0,0,0,0,0,0,0,0
199,137,0,0,0,0,0,0,0,0,0,0,0,0,0,0
89,93,0,0,0,0,0,0,0,0,0,0,0,0,0,0
40,106,100,39,0,0,0,0,0,0,0,0,0,0,0,0
233,22,45,0,0,0,0,0,0,0,0,0,0,0,0,0
12,0,0,0,0,0,0,0,0,0,0,0,0,0,0,0
303,170,0,0,0,0,0,0,0,0,0,0,0,0,0,0
67,98,130,0,0,0,0,0,0,0,0,0,0,0,0,0
167,179,42,54,11,0,0,0,0,0,0,0,0,0,0,0
49,34,5,85,0,0,0,0,0,0,0,0,0,0,0,0
278,0,0,0,0,0,0,0,0,0,0,0,0,0,0,0
326,0,0,0,0,0,0,0,0,0,0,0,0,0,0,0
286,0,0,0,0,0,0,0,0,0,0,0,0,0,0,0
86,0,0,0,0,0,0,0,0,0,0,0,0,0,0,0
5,14,0,0,0,0,0,0,0,0,0,0,0,0,0,0
268,0,0,0,0,0,0,0,0,0,0,0,0,0,0,0
274,255,0,0,0,0,0,0,0,0,0,0,0,0,0,0
43,51,50,54,0,0,0,0,0,0,0,0,0,0,0,0
291,0,0,0,0,0,0,0,0,0,0,0,0,0,0,0
188,46,0,0,0,0,0,0,0,0,0,0,0,0,0,0
31,0,0,0,0,0,0,0,0,0,0,0,0,0,0,0
148,0,0,0,0,0,0,0,0,0,0,0,0,0,0,0
9,0,0,0,0,0,0,0,0,0,0,0,0,0,0,0
37,34,167,0,0,0,0,0,0,0,0,0,0,0,0,0
88,0,0,0,0,0,0,0,0,0,0,0,0,0,0,0
23,1,0,0,0,0,0,0,0,0,0,0,0,0,0,0
144,246,0,0,0,0,0,0,0,0,0,0,0,0,0,0
211,0,0,0,0,0,0,0,0,0,0,0,0,0,0,0
299,0,0,0,0,0,0,0,0,0,0,0,0,0,0,0
203,0,0,0,0,0,0,0,0,0,0,0,0,0,0,0
122,0,0,0,0,0,0,0,0,0,0,0,0,0,0,0
143,136,0,0,0,0,0,0,0,0,0,0,0,0,0,0
287,0,0,0,0,0,0,0,0,0,0,0,0,0,0,0
308,0,0,0,0,0,0,0,0,0,0,0,0,0,0,0
169,134,0,0,0,0,0,0,0,0,0,0,0,0,0,0
87,154,0,0,0,0,0,0,0,0,0,0,0,0,0,0
242,0,0,0,0,0,0,0,0,0,0,0,0,0,0,0
255,0,0,0,0,0,0,0,0,0,0,0,0,0,0,0
100,0,0,0,0,0,0,0,0,0,0,0,0,0,0,0
174,0,0,0,0,0,0,0,0,0,0,0,0,0,0,0
191,189,0,0,0,0,0,0,0,0,0,0,0,0,0,0
115,109,0,0,0,0,0,0,0,0,0,0,0,0,0,0
266,0,0,0,0,0,0,0,0,0,0,0,0,0,0,0
24,0,0,0,0,0,0,0,0,0,0,0,0,0,0,0
259,16,6,0,0,0,0,0,0,0,0,0,0,0,0,0
249,0,0,0,0,0,0,0,0,0,0,0,0,0,0,0
199,202,200,0,0,0,0,0,0,0,0,0,0,0,0,0
65,0,0,0,0,0,0,0,0,0,0,0,0,0,0,0
168,0,0,0,0,0,0,0,0,0,0,0,0,0,0,0
23,0,0,0,0,0,0,0,0,0,0,0,0,0,0,0
197,201,114,0,0,0,0,0,0,0,0,0,0,0,0,0
185,20,0,0,0,0,0,0,0,0,0,0,0,0,0,0
269,0,0,0,0,0,0,0,0,0,0,0,0,0,0,0
178,0,0,0,0,0,0,0,0,0,0,0,0,0,0,0
222,0,0,0,0,0,0,0,0,0,0,0,0,0,0,0
48,0,0,0,0,0,0,0,0,0,0,0,0,0,0,0
245,0,0,0,0,0,0,0,0,0,0,0,0,0,0,0
253,173,0,0,0,0,0,0,0,0,0,0,0,0,0,0
297,0,0,0,0,0,0,0,0,0,0,0,0,0,0,0
10,0,0,0,0,0,0,0,0,0,0,0,0,0,0,0
87,0,0,0,0,0,0,0,0,0,0,0,0,0,0,0
266,265,267,0,0,0,0,0,0,0,0,0,0,0,0,0
249,0,0,0,0,0,0,0,0,0,0,0,0,0,0,0
206,125,123,120,119,0,0,0,0,0,0,0,0,0,0,0
28,14,0,0,0,0,0,0,0,0,0,0,0,0,0,0
216,0,0,0,0,0,0,0,0,0,0,0,0,0,0,0
199,0,0,0,0,0,0,0,0,0,0,0,0,0,0,0
118,0,0,0,0,0,0,0,0,0,0,0,0,0,0,0
266,0,0,0,0,0,0,0,0,0,0,0,0,0,0,0
2,0,0,0,0,0,0,0,0,0,0,0,0,0,0,0
49,45,0,0,0,0,0,0,0,0,0,0,0,0,0,0
77,127,0,0,0,0,0,0,0,0,0,0,0,0,0,0
48,54,219,224,214,0,0,0,0,0,0,0,0,0,0,0
254,191,0,0,0,0,0,0,0,0,0,0,0,0,0,0
272,279,0,0,0,0,0,0,0,0,0,0,0,0,0,0
179,168,176,0,0,0,0,0,0,0,0,0,0,0,0,0
116,0,0,0,0,0,0,0,0,0,0,0,0,0,0,0
233,0,0,0,0,0,0,0,0,0,0,0,0,0,0,0
14,0,0,0,0,0,0,0,0,0,0,0,0,0,0,0
64,63,0,0,0,0,0,0,0,0,0,0,0,0,0,0
54,0,0,0,0,0,0,0,0,0,0,0,0,0,0,0
180,181,0,0,0,0,0,0,0,0,0,0,0,0,0,0
143,0,0,0,0,0,0,0,0,0,0,0,0,0,0,0
70,0,0,0,0,0,0,0,0,0,0,0,0,0,0,0
136,0,0,0,0,0,0,0,0,0,0,0,0,0,0,0
111,0,0,0,0,0,0,0,0,0,0,0,0,0,0,0
147,0,0,0,0,0,0,0,0,0,0,0,0,0,0,0
102,0,0,0,0,0,0,0,0,0,0,0,0,0,0,0
3,23,0,0,0,0,0,0,0,0,0,0,0,0,0,0
273,0,0,0,0,0,0,0,0,0,0,0,0,0,0,0
185,0,0,0,0,0,0,0,0,0,0,0,0,0,0,0
277,0,0,0,0,0,0,0,0,0,0,0,0,0,0,0
220,0,0,0,0,0,0,0,0,0,0,0,0,0,0,0
178,179,0,0,0,0,0,0,0,0,0,0,0,0,0,0
66,49,0,0,0,0,0,0,0,0,0,0,0,0,0,0
222,0,0,0,0,0,0,0,0,0,0,0,0,0,0,0
286,200,206,0,0,0,0,0,0,0,0,0,0,0,0,0
116,0,0,0,0,0,0,0,0,0,0,0,0,0,0,0
263,256,0,0,0,0,0,0,0,0,0,0,0,0,0,0
186,0,0,0,0,0,0,0,0,0,0,0,0,0,0,0
325,0,0,0,0,0,0,0,0,0,0,0,0,0,0,0
268,0,0,0,0,0,0,0,0,0,0,0,0,0,0,0
8,17,0,0,0,0,0,0,0,0,0,0,0,0,0,0
220,231,0,0,0,0,0,0,0,0,0,0,0,0,0,0
258,0,0,0,0,0,0,0,0,0,0,0,0,0,0,0
135,0,0,0,0,0,0,0,0,0,0,0,0,0,0,0
132,0,0,0,0,0,0,0,0,0,0,0,0,0,0,0
88,0,0,0,0,0,0,0,0,0,0,0,0,0,0,0
108,0,0,0,0,0,0,0,0,0,0,0,0,0,0,0
252,0,0,0,0,0,0,0,0,0,0,0,0,0,0,0
21,0,0,0,0,0,0,0,0,0,0,0,0,0,0,0
4,1,299,294,202,0,0,0,0,0,0,0,0,0,0,0
18,50,55,51,2,0,0,0,0,0,0,0,0,0,0,0
24,305,0,0,0,0,0,0,0,0,0,0,0,0,0,0
182,190,186,0,0,0,0,0,0,0,0,0,0,0,0,0
109,105,0,0,0,0,0,0,0,0,0,0,0,0,0,0
23,25,0,0,0,0,0,0,0,0,0,0,0,0,0,0
129,0,0,0,0,0,0,0,0,0,0,0,0,0,0,0
48,0,0,0,0,0,0,0,0,0,0,0,0,0,0,0
70,180,0,0,0,0,0,0,0,0,0,0,0,0,0,0
36,41,263,253,0,0,0,0,0,0,0,0,0,0,0,0
192,0,0,0,0,0,0,0,0,0,0,0,0,0,0,0
178,0,0,0,0,0,0,0,0,0,0,0,0,0,0,0
143,0,0,0,0,0,0,0,0,0,0,0,0,0,0,0
301,0,0,0,0,0,0,0,0,0,0,0,0,0,0,0
1,173,0,0,0,0,0,0,0,0,0,0,0,0,0,0
179,0,0,0,0,0,0,0,0,0,0,0,0,0,0,0
59,0,0,0,0,0,0,0,0,0,0,0,0,0,0,0
150,0,0,0,0,0,0,0,0,0,0,0,0,0,0,0
169,0,0,0,0,0,0,0,0,0,0,0,0,0,0,0
10,6,211,0,0,0,0,0,0,0,0,0,0,0,0,0
199,52,48,49,44,0,0,0,0,0,0,0,0,0,0,0
265,0,0,0,0,0,0,0,0,0,0,0,0,0,0,0
66,0,0,0,0,0,0,0,0,0,0,0,0,0,0,0
201,206,199,173,0,0,0,0,0,0,0,0,0,0,0,0
308,0,0,0,0,0,0,0,0,0,0,0,0,0,0,0
128,216,0,0,0,0,0,0,0,0,0,0,0,0,0,0
214,0,0,0,0,0,0,0,0,0,0,0,0,0,0,0
237,242,0,0,0,0,0,0,0,0,0,0,0,0,0,0
33,0,0,0,0,0,0,0,0,0,0,0,0,0,0,0
85,50,0,0,0,0,0,0,0,0,0,0,0,0,0,0
24,0,0,0,0,0,0,0,0,0,0,0,0,0,0,0
100,117,48,45,0,0,0,0,0,0,0,0,0,0,0,0
287,0,0,0,0,0,0,0,0,0,0,0,0,0,0,0
3,0,0,0,0,0,0,0,0,0,0,0,0,0,0,0
268,0,0,0,0,0,0,0,0,0,0,0,0,0,0,0
34,0,0,0,0,0,0,0,0,0,0,0,0,0,0,0
7,9,0,0,0,0,0,0,0,0,0,0,0,0,0,0
167,0,0,0,0,0,0,0,0,0,0,0,0,0,0,0
274,182,0,0,0,0,0,0,0,0,0,0,0,0,0,0
51,0,0,0,0,0,0,0,0,0,0,0,0,0,0,0
25,246,0,0,0,0,0,0,0,0,0,0,0,0,0,0
161,0,0,0,0,0,0,0,0,0,0,0,0,0,0,0
232,0,0,0,0,0,0,0,0,0,0,0,0,0,0,0
192,0,0,0,0,0,0,0,0,0,0,0,0,0,0,0
116,274,0,0,0,0,0,0,0,0,0,0,0,0,0,0
251,0,0,0,0,0,0,0,0,0,0,0,0,0,0,0
306,0,0,0,0,0,0,0,0,0,0,0,0,0,0,0
249,105,0,0,0,0,0,0,0,0,0,0,0,0,0,0
279,0,0,0,0,0,0,0,0,0,0,0,0,0,0,0
189,319,0,0,0,0,0,0,0,0,0,0,0,0,0,0
132,0,0,0,0,0,0,0,0,0,0,0,0,0,0,0
36,199,0,0,0,0,0,0,0,0,0,0,0,0,0,0
84,0,0,0,0,0,0,0,0,0,0,0,0,0,0,0
172,0,0,0,0,0,0,0,0,0,0,0,0,0,0,0
88,285,298,0,0,0,0,0,0,0,0,0,0,0,0,0
267,0,0,0,0,0,0,0,0,0,0,0,0,0,0,0
176,0,0,0,0,0,0,0,0,0,0,0,0,0,0,0
224,0,0,0,0,0,0,0,0,0,0,0,0,0,0,0
28,107,308,161,155,0,0,0,0,0,0,0,0,0,0,0
232,277,0,0,0,0,0,0,0,0,0,0,0,0,0,0
278,0,0,0,0,0,0,0,0,0,0,0,0,0,0,0
193,184,0,0,0,0,0,0,0,0,0,0,0,0,0,0
111,0,0,0,0,0,0,0,0,0,0,0,0,0,0,0
13,0,0,0,0,0,0,0,0,0,0,0,0,0,0,0
120,0,0,0,0,0,0,0,0,0,0,0,0,0,0,0
42,0,0,0,0,0,0,0,0,0,0,0,0,0,0,0
99,33,21,0,0,0,0,0,0,0,0,0,0,0,0,0
173,0,0,0,0,0,0,0,0,0,0,0,0,0,0,0
178,0,0,0,0,0,0,0,0,0,0,0,0,0,0,0
135,221,213,214,0,0,0,0,0,0,0,0,0,0,0,0
162,308,0,0,0,0,0,0,0,0,0,0,0,0,0,0
169,0,0,0,0,0,0,0,0,0,0,0,0,0,0,0
127,128,103,0,0,0,0,0,0,0,0,0,0,0,0,0
206,200,199,0,0,0,0,0,0,0,0,0,0,0,0,0
293,297,0,0,0,0,0,0,0,0,0,0,0,0,0,0
291,0,0,0,0,0,0,0,0,0,0,0,0,0,0,0
114,0,0,0,0,0,0,0,0,0,0,0,0,0,0,0
142,0,0,0,0,0,0,0,0,0,0,0,0,0,0,0
157,155,88,92,93,0,0,0,0,0,0,0,0,0,0,0
321,322,326,319,0,0,0,0,0,0,0,0,0,0,0,0
248,0,0,0,0,0,0,0,0,0,0,0,0,0,0,0
12,0,0,0,0,0,0,0,0,0,0,0,0,0,0,0
83,80,0,0,0,0,0,0,0,0,0,0,0,0,0,0
7,168,203,174,12,24,0,0,0,0,0,0,0,0,0,0
63,0,0,0,0,0,0,0,0,0,0,0,0,0,0,0
245,126,0,0,0,0,0,0,0,0,0,0,0,0,0,0
287,170,173,142,133,146,0,0,0,0,0,0,0,0,0,0
101,0,0,0,0,0,0,0,0,0,0,0,0,0,0,0
177,175,167,0,0,0,0,0,0,0,0,0,0,0,0,0
3,271,0,0,0,0,0,0,0,0,0,0,0,0,0,0
120,321,319,0,0,0,0,0,0,0,0,0,0,0,0,0
209,217,0,0,0,0,0,0,0,0,0,0,0,0,0,0
16,15,5,0,0,0,0,0,0,0,0,0,0,0,0,0
105,0,0,0,0,0,0,0,0,0,0,0,0,0,0,0
25,196,0,0,0,0,0,0,0,0,0,0,0,0,0,0
268,267,188,0,0,0,0,0,0,0,0,0,0,0,0,0
4,0,0,0,0,0,0,0,0,0,0,0,0,0,0,0
260,0,0,0,0,0,0,0,0,0,0,0,0,0,0,0
55,0,0,0,0,0,0,0,0,0,0,0,0,0,0,0
245,319,321,324,0,0,0,0,0,0,0,0,0,0,0,0
65,301,0,0,0,0,0,0,0,0,0,0,0,0,0,0
104,0,0,0,0,0,0,0,0,0,0,0,0,0,0,0
107,242,0,0,0,0,0,0,0,0,0,0,0,0,0,0
125,0,0,0,0,0,0,0,0,0,0,0,0,0,0,0
20,0,0,0,0,0,0,0,0,0,0,0,0,0,0,0
60,0,0,0,0,0,0,0,0,0,0,0,0,0,0,0
319,324,36,103,0,0,0,0,0,0,0,0,0,0,0,0
268,0,0,0,0,0,0,0,0,0,0,0,0,0,0,0
46,0,0,0,0,0,0,0,0,0,0,0,0,0,0,0
115,0,0,0,0,0,0,0,0,0,0,0,0,0,0,0
15,6,0,0,0,0,0,0,0,0,0,0,0,0,0,0
73,208,74,0,0,0,0,0,0,0,0,0,0,0,0,0
117,0,0,0,0,0,0,0,0,0,0,0,0,0,0,0
291,0,0,0,0,0,0,0,0,0,0,0,0,0,0,0
86,307,0,0,0,0,0,0,0,0,0,0,0,0,0,0
70,56,0,0,0,0,0,0,0,0,0,0,0,0,0,0
255,249,0,0,0,0,0,0,0,0,0,0,0,0,0,0
193,295,0,0,0,0,0,0,0,0,0,0,0,0,0,0
245,235,0,0,0,0,0,0,0,0,0,0,0,0,0,0
192,0,0,0,0,0,0,0,0,0,0,0,0,0,0,0
169,0,0,0,0,0,0,0,0,0,0,0,0,0,0,0
34,7,0,0,0,0,0,0,0,0,0,0,0,0,0,0
233,0,0,0,0,0,0,0,0,0,0,0,0,0,0,0
126,28,0,0,0,0,0,0,0,0,0,0,0,0,0,0
161,154,158,17,0,0,0,0,0,0,0,0,0,0,0,0
33,0,0,0,0,0,0,0,0,0,0,0,0,0,0,0
165,49,0,0,0,0,0,0,0,0,0,0,0,0,0,0
100,254,253,258,0,0,0,0,0,0,0,0,0,0,0,0
280,0,0,0,0,0,0,0,0,0,0,0,0,0,0,0
191,0,0,0,0,0,0,0,0,0,0,0,0,0,0,0
299,286,0,0,0,0,0,0,0,0,0,0,0,0,0,0
86,0,0,0,0,0,0,0,0,0,0,0,0,0,0,0
304,319,0,0,0,0,0,0,0,0,0,0,0,0,0,0
168,0,0,0,0,0,0,0,0,0,0,0,0,0,0,0
216,0,0,0,0,0,0,0,0,0,0,0,0,0,0,0
209,217,24,0,0,0,0,0,0,0,0,0,0,0,0,0
126,0,0,0,0,0,0,0,0,0,0,0,0,0,0,0
270,0,0,0,0,0,0,0,0,0,0,0,0,0,0,0
28,290,0,0,0,0,0,0,0,0,0,0,0,0,0,0
114,13,0,0,0,0,0,0,0,0,0,0,0,0,0,0
97,154,0,0,0,0,0,0,0,0,0,0,0,0,0,0
14,202,0,0,0,0,0,0,0,0,0,0,0,0,0,0
302,284,301,0,0,0,0,0,0,0,0,0,0,0,0,0
187,0,0,0,0,0,0,0,0,0,0,0,0,0,0,0
175,0,0,0,0,0,0,0,0,0,0,0,0,0,0,0
62,0,0,0,0,0,0,0,0,0,0,0,0,0,0,0
168,0,0,0,0,0,0,0,0,0,0,0,0,0,0,0
24,116,0,0,0,0,0,0,0,0,0,0,0,0,0,0
196,0,0,0,0,0,0,0,0,0,0,0,0,0,0,0
272,0,0,0,0,0,0,0,0,0,0,0,0,0,0,0
307,37,0,0,0,0,0,0,0,0,0,0,0,0,0,0
130,140,0,0,0,0,0,0,0,0,0,0,0,0,0,0
115,0,0,0,0,0,0,0,0,0,0,0,0,0,0,0
274,273,0,0,0,0,0,0,0,0,0,0,0,0,0,0
145,0,0,0,0,0,0,0,0,0,0,0,0,0,0,0
231,0,0,0,0,0,0,0,0,0,0,0,0,0,0,0
211,0,0,0,0,0,0,0,0,0,0,0,0,0,0,0
35,0,0,0,0,0,0,0,0,0,0,0,0,0,0,0
187,0,0,0,0,0,0,0,0,0,0,0,0,0,0,0
295,0,0,0,0,0,0,0,0,0,0,0,0,0,0,0
305,0,0,0,0,0,0,0,0,0,0,0,0,0,0,0
82,162,0,0,0,0,0,0,0,0,0,0,0,0,0,0
45,0,0,0,0,0,0,0,0,0,0,0,0,0,0,0
47,0,0,0,0,0,0,0,0,0,0,0,0,0,0,0
238,0,0,0,0,0,0,0,0,0,0,0,0,0,0,0
249,0,0,0,0,0,0,0,0,0,0,0,0,0,0,0
287,178,111,0,0,0,0,0,0,0,0,0,0,0,0,0
245,0,0,0,0,0,0,0,0,0,0,0,0,0,0,0
255,221,213,214,0,0,0,0,0,0,0,0,0,0,0,0
247,0,0,0,0,0,0,0,0,0,0,0,0,0,0,0
305,186,0,0,0,0,0,0,0,0,0,0,0,0,0,0
326,321,224,222,0,0,0,0,0,0,0,0,0,0,0,0
92,0,0,0,0,0,0,0,0,0,0,0,0,0,0,0
49,84,80,0,0,0,0,0,0,0,0,0,0,0,0,0
211,0,0,0,0,0,0,0,0,0,0,0,0,0,0,0
34,242,218,0,0,0,0,0,0,0,0,0,0,0,0,0
211,212,0,0,0,0,0,0,0,0,0,0,0,0,0,0
325,319,0,0,0,0,0,0,0,0,0,0,0,0,0,0
137,0,0,0,0,0,0,0,0,0,0,0,0,0,0,0
118,115,0,0,0,0,0,0,0,0,0,0,0,0,0,0
152,103,0,0,0,0,0,0,0,0,0,0,0,0,0,0
11,8,0,0,0,0,0,0,0,0,0,0,0,0,0,0
76,155,161,157,308,0,0,0,0,0,0,0,0,0,0,0
85,105,0,0,0,0,0,0,0,0,0,0,0,0,0,0
271,280,141,0,0,0,0,0,0,0,0,0,0,0,0,0
17,0,0,0,0,0,0,0,0,0,0,0,0,0,0,0
143,149,0,0,0,0,0,0,0,0,0,0,0,0,0,0
229,0,0,0,0,0,0,0,0,0,0,0,0,0,0,0
196,206,0,0,0,0,0,0,0,0,0,0,0,0,0,0
308,0,0,0,0,0,0,0,0,0,0,0,0,0,0,0
143,136,27,0,0,0,0,0,0,0,0,0,0,0,0,0
173,290,0,0,0,0,0,0,0,0,0,0,0,0,0,0
108,0,0,0,0,0,0,0,0,0,0,0,0,0,0,0
29,126,0,0,0,0,0,0,0,0,0,0,0,0,0,0
144,0,0,0,0,0,0,0,0,0,0,0,0,0,0,0
248,180,176,0,0,0,0,0,0,0,0,0,0,0,0,0
233,229,66,0,0,0,0,0,0,0,0,0,0,0,0,0
19,28,31,0,0,0,0,0,0,0,0,0,0,0,0,0
321,319,36,16,11,0,0,0,0,0,0,0,0,0,0,0
98,115,114,0,0,0,0,0,0,0,0,0,0,0,0,0
287,0,0,0,0,0,0,0,0,0,0,0,0,0,0,0
304,0,0,0,0,0,0,0,0,0,0,0,0,0,0,0
91,0,0,0,0,0,0,0,0,0,0,0,0,0,0,0
149,0,0,0,0,0,0,0,0,0,0,0,0,0,0,0
256,0,0,0,0,0,0,0,0,0,0,0,0,0,0,0
302,0,0,0,0,0,0,0,0,0,0,0,0,0,0,0
81,0,0,0,0,0,0,0,0,0,0,0,0,0,0,0
143,0,0,0,0,0,0,0,0,0,0,0,0,0,0,0
260,247,199,206,203,297,0,0,0,0,0,0,0,0,0,0
54,0,0,0,0,0,0,0,0,0,0,0,0,0,0,0
302,0,0,0,0,0,0,0,0,0,0,0,0,0,0,0
222,221,0,0,0,0,0,0,0,0,0,0,0,0,0,0
208,0,0,0,0,0,0,0,0,0,0,0,0,0,0,0
214,0,0,0,0,0,0,0,0,0,0,0,0,0,0,0
275,137,0,0,0,0,0,0,0,0,0,0,0,0,0,0
267,0,0,0,0,0,0,0,0,0,0,0,0,0,0,0
139,147,0,0,0,0,0,0,0,0,0,0,0,0,0,0
177,0,0,0,0,0,0,0,0,0,0,0,0,0,0,0
11,0,0,0,0,0,0,0,0,0,0,0,0,0,0,0
17,0,0,0,0,0,0,0,0,0,0,0,0,0,0,0
216,126,127,0,0,0,0,0,0,0,0,0,0,0,0,0
189,0,0,0,0,0,0,0,0,0,0,0,0,0,0,0
212,219,0,0,0,0,0,0,0,0,0,0,0,0,0,0
102,0,0,0,0,0,0,0,0,0,0,0,0,0,0,0
39,0,0,0,0,0,0,0,0,0,0,0,0,0,0,0
200,184,0,0,0,0,0,0,0,0,0,0,0,0,0,0
140,142,144,135,0,0,0,0,0,0,0,0,0,0,0,0
172,0,0,0,0,0,0,0,0,0,0,0,0,0,0,0
92,0,0,0,0,0,0,0,0,0,0,0,0,0,0,0
266,0,0,0,0,0,0,0,0,0,0,0,0,0,0,0
196,0,0,0,0,0,0,0,0,0,0,0,0,0,0,0
34,132,0,0,0,0,0,0,0,0,0,0,0,0,0,0
262,0,0,0,0,0,0,0,0,0,0,0,0,0,0,0
37,0,0,0,0,0,0,0,0,0,0,0,0,0,0,0
13,0,0,0,0,0,0,0,0,0,0,0,0,0,0,0
28,32,0,0,0,0,0,0,0,0,0,0,0,0,0,0
185,302,296,0,0,0,0,0,0,0,0,0,0,0,0,0
224,0,0,0,0,0,0,0,0,0,0,0,0,0,0,0
11,5,0,0,0,0,0,0,0,0,0,0,0,0,0,0
197,206,0,0,0,0,0,0,0,0,0,0,0,0,0,0
280,279,0,0,0,0,0,0,0,0,0,0,0,0,0,0
23,0,0,0,0,0,0,0,0,0,0,0,0,0,0,0
87,0,0,0,0,0,0,0,0,0,0,0,0,0,0,0
77,76,0,0,0,0,0,0,0,0,0,0,0,0,0,0
278,0,0,0,0,0,0,0,0,0,0,0,0,0,0,0
181,0,0,0,0,0,0,0,0,0,0,0,0,0,0,0
173,0,0,0,0,0,0,0,0,0,0,0,0,0,0,0
53,115,203,0,0,0,0,0,0,0,0,0,0,0,0,0
216,0,0,0,0,0,0,0,0,0,0,0,0,0,0,0
180,0,0,0,0,0,0,0,0,0,0,0,0,0,0,0
133,0,0,0,0,0,0,0,0,0,0,0,0,0,0,0
237,189,187,245,0,0,0,0,0,0,0,0,0,0,0,0
208,214,0,0,0,0,0,0,0,0,0,0,0,0,0,0
141,0,0,0,0,0,0,0,0,0,0,0,0,0,0,0
25,190,0,0,0,0,0,0,0,0,0,0,0,0,0,0
65,0,0,0,0,0,0,0,0,0,0,0,0,0,0,0
302,0,0,0,0,0,0,0,0,0,0,0,0,0,0,0
289,231,0,0,0,0,0,0,0,0,0,0,0,0,0,0
41,0,0,0,0,0,0,0,0,0,0,0,0,0,0,0
251,147,149,0,0,0,0,0,0,0,0,0,0,0,0,0
14,11,0,0,0,0,0,0,0,0,0,0,0,0,0,0
119,0,0,0,0,0,0,0,0,0,0,0,0,0,0,0
59,234,241,0,0,0,0,0,0,0,0,0,0,0,0,0
208,291,0,0,0,0,0,0,0,0,0,0,0,0,0,0
53,42,0,0,0,0,0,0,0,0,0,0,0,0,0,0
325,60,0,0,0,0,0,0,0,0,0,0,0,0,0,0
137,0,0,0,0,0,0,0,0,0,0,0,0,0,0,0
31,0,0,0,0,0,0,0,0,0,0,0,0,0,0,0
214,0,0,0,0,0,0,0,0,0,0,0,0,0,0,0
13,0,0,0,0,0,0,0,0,0,0,0,0,0,0,0
267,0,0,0,0,0,0,0,0,0,0,0,0,0,0,0
209,0,0,0,0,0,0,0,0,0,0,0,0,0,0,0
10,119,0,0,0,0,0,0,0,0,0,0,0,0,0,0
200,206,0,0,0,0,0,0,0,0,0,0,0,0,0,0
133,146,0,0,0,0,0,0,0,0,0,0,0,0,0,0
184,89,93,87,0,0,0,0,0,0,0,0,0,0,0,0
240,0,0,0,0,0,0,0,0,0,0,0,0,0,0,0
248,0,0,0,0,0,0,0,0,0,0,0,0,0,0,0
19,25,0,0,0,0,0,0,0,0,0,0,0,0,0,0
231,224,0,0,0,0,0,0,0,0,0,0,0,0,0,0
130,0,0,0,0,0,0,0,0,0,0,0,0,0,0,0
192,0,0,0,0,0,0,0,0,0,0,0,0,0,0,0
271,272,0,0,0,0,0,0,0,0,0,0,0,0,0,0
133,98,142,0,0,0,0,0,0,0,0,0,0,0,0,0
143,0,0,0,0,0,0,0,0,0,0,0,0,0,0,0
88,7,89,0,0,0,0,0,0,0,0,0,0,0,0,0
81,84,0,0,0,0,0,0,0,0,0,0,0,0,0,0
135,178,0,0,0,0,0,0,0,0,0,0,0,0,0,0
248,0,0,0,0,0,0,0,0,0,0,0,0,0,0,0
173,0,0,0,0,0,0,0,0,0,0,0,0,0,0,0
272,8,0,0,0,0,0,0,0,0,0,0,0,0,0,0
62,59,120,0,0,0,0,0,0,0,0,0,0,0,0,0
152,0,0,0,0,0,0,0,0,0,0,0,0,0,0,0
219,0,0,0,0,0,0,0,0,0,0,0,0,0,0,0
148,0,0,0,0,0,0,0,0,0,0,0,0,0,0,0
271,0,0,0,0,0,0,0,0,0,0,0,0,0,0,0
142,0,0,0,0,0,0,0,0,0,0,0,0,0,0,0
100,0,0,0,0,0,0,0,0,0,0,0,0,0,0,0
136,0,0,0,0,0,0,0,0,0,0,0,0,0,0,0
278,0,0,0,0,0,0,0,0,0,0,0,0,0,0,0
211,0,0,0,0,0,0,0,0,0,0,0,0,0,0,0
213,218,0,0,0,0,0,0,0,0,0,0,0,0,0,0
122,0,0,0,0,0,0,0,0,0,0,0,0,0,0,0
177,0,0,0,0,0,0,0,0,0,0,0,0,0,0,0
19,0,0,0,0,0,0,0,0,0,0,0,0,0,0,0
62,277,0,0,0,0,0,0,0,0,0,0,0,0,0,0
115,0,0,0,0,0,0,0,0,0,0,0,0,0,0,0
176,0,0,0,0,0,0,0,0,0,0,0,0,0,0,0
97,0,0,0,0,0,0,0,0,0,0,0,0,0,0,0
97,0,0,0,0,0,0,0,0,0,0,0,0,0,0,0
118,0,0,0,0,0,0,0,0,0,0,0,0,0,0,0
5,0,0,0,0,0,0,0,0,0,0,0,0,0,0,0
109,0,0,0,0,0,0,0,0,0,0,0,0,0,0,0
88,175,179,0,0,0,0,0,0,0,0,0,0,0,0,0
27,238,5,0,0,0,0,0,0,0,0,0,0,0,0,0
214,13,0,0,0,0,0,0,0,0,0,0,0,0,0,0
232,63,248,255,0,0,0,0,0,0,0,0,0,0,0,0
61,142,0,0,0,0,0,0,0,0,0,0,0,0,0,0
183,0,0,0,0,0,0,0,0,0,0,0,0,0,0,0
289,31,135,0,0,0,0,0,0,0,0,0,0,0,0,0
127,126,0,0,0,0,0,0,0,0,0,0,0,0,0,0
125,0,0,0,0,0,0,0,0,0,0,0,0,0,0,0
129,256,247,0,0,0,0,0,0,0,0,0,0,0,0,0
161,0,0,0,0,0,0,0,0,0,0,0,0,0,0,0
178,267,0,0,0,0,0,0,0,0,0,0,0,0,0,0
49,235,0,0,0,0,0,0,0,0,0,0,0,0,0,0
29,28,296,0,0,0,0,0,0,0,0,0,0,0,0,0
176,173,50,81,171,257,0,0,0,0,0,0,0,0,0,0
271,272,322,321,279,193,0,0,0,0,0,0,0,0,0,0
273,290,302,237,245,0,0,0,0,0,0,0,0,0,0,0
261,260,250,249,147,0,0,0,0,0,0,0,0,0,0,0
307,107,295,0,0,0,0,0,0,0,0,0,0,0,0,0
146,131,138,148,0,0,0,0,0,0,0,0,0,0,0,0
175,0,0,0,0,0,0,0,0,0,0,0,0,0,0,0
258,0,0,0,0,0,0,0,0,0,0,0,0,0,0,0
50,46,44,40,0,0,0,0,0,0,0,0,0,0,0,0
290,296,0,0,0,0,0,0,0,0,0,0,0,0,0,0
17,0,0,0,0,0,0,0,0,0,0,0,0,0,0,0
42,0,0,0,0,0,0,0,0,0,0,0,0,0,0,0
56,0,0,0,0,0,0,0,0,0,0,0,0,0,0,0
254,0,0,0,0,0,0,0,0,0,0,0,0,0,0,0
280,0,0,0,0,0,0,0,0,0,0,0,0,0,0,0
234,0,0,0,0,0,0,0,0,0,0,0,0,0,0,0
319,324,321,0,0,0,0,0,0,0,0,0,0,0,0,0
83,84,0,0,0,0,0,0,0,0,0,0,0,0,0,0
301,0,0,0,0,0,0,0,0,0,0,0,0,0,0,0
174,167,178,0,0,0,0,0,0,0,0,0,0,0,0,0
30,0,0,0,0,0,0,0,0,0,0,0,0,0,0,0
40,216,0,0,0,0,0,0,0,0,0,0,0,0,0,0
177,0,0,0,0,0,0,0,0,0,0,0,0,0,0,0
54,47,0,0,0,0,0,0,0,0,0,0,0,0,0,0
278,0,0,0,0,0,0,0,0,0,0,0,0,0,0,0
179,176,0,0,0,0,0,0,0,0,0,0,0,0,0,0
211,17,0,0,0,0,0,0,0,0,0,0,0,0,0,0
305,132,0,0,0,0,0,0,0,0,0,0,0,0,0,0
287,297,0,0,0,0,0,0,0,0,0,0,0,0,0,0
296,0,0,0,0,0,0,0,0,0,0,0,0,0,0,0
122,0,0,0,0,0,0,0,0,0,0,0,0,0,0,0
103,0,0,0,0,0,0,0,0,0,0,0,0,0,0,0
211,293,0,0,0,0,0,0,0,0,0,0,0,0,0,0
191,188,194,319,0,0,0,0,0,0,0,0,0,0,0,0
66,0,0,0,0,0,0,0,0,0,0,0,0,0,0,0
234,0,0,0,0,0,0,0,0,0,0,0,0,0,0,0
251,0,0,0,0,0,0,0,0,0,0,0,0,0,0,0
112,0,0,0,0,0,0,0,0,0,0,0,0,0,0,0
269,0,0,0,0,0,0,0,0,0,0,0,0,0,0,0
259,245,241,0,0,0,0,0,0,0,0,0,0,0,0,0
284,0,0,0,0,0,0,0,0,0,0,0,0,0,0,0
254,0,0,0,0,0,0,0,0,0,0,0,0,0,0,0
208,0,0,0,0,0,0,0,0,0,0,0,0,0,0,0
319,0,0,0,0,0,0,0,0,0,0,0,0,0,0,0
256,0,0,0,0,0,0,0,0,0,0,0,0,0,0,0
126,237,127,0,0,0,0,0,0,0,0,0,0,0,0,0
1,296,0,0,0,0,0,0,0,0,0,0,0,0,0,0
53,0,0,0,0,0,0,0,0,0,0,0,0,0,0,0
81,83,0,0,0,0,0,0,0,0,0,0,0,0,0,0
263,0,0,0,0,0,0,0,0,0,0,0,0,0,0,0
103,0,0,0,0,0,0,0,0,0,0,0,0,0,0,0
241,0,0,0,0,0,0,0,0,0,0,0,0,0,0,0
108,0,0,0,0,0,0,0,0,0,0,0,0,0,0,0
120,121,124,0,0,0,0,0,0,0,0,0,0,0,0,0
197,206,219,217,2,0,0,0,0,0,0,0,0,0,0,0
305,77,0,0,0,0,0,0,0,0,0,0,0,0,0,0
274,272,0,0,0,0,0,0,0,0,0,0,0,0,0,0
302,284,0,0,0,0,0,0,0,0,0,0,0,0,0,0
67,65,0,0,0,0,0,0,0,0,0,0,0,0,0,0
224,0,0,0,0,0,0,0,0,0,0,0,0,0,0,0
170,0,0,0,0,0,0,0,0,0,0,0,0,0,0,0
184,0,0,0,0,0,0,0,0,0,0,0,0,0,0,0
182,187,0,0,0,0,0,0,0,0,0,0,0,0,0,0
131,270,0,0,0,0,0,0,0,0,0,0,0,0,0,0
6,143,8,118,0,0,0,0,0,0,0,0,0,0,0,0
127,293,297,284,0,0,0,0,0,0,0,0,0,0,0,0
325,250,0,0,0,0,0,0,0,0,0,0,0,0,0,0
274,275,101,0,0,0,0,0,0,0,0,0,0,0,0,0
294,217,0,0,0,0,0,0,0,0,0,0,0,0,0,0
299,301,144,290,134,47,0,0,0,0,0,0,0,0,0,0
92,41,266,0,0,0,0,0,0,0,0,0,0,0,0,0
155,158,154,0,0,0,0,0,0,0,0,0,0,0,0,0
126,0,0,0,0,0,0,0,0,0,0,0,0,0,0,0
109,0,0,0,0,0,0,0,0,0,0,0,0,0,0,0
83,0,0,0,0,0,0,0,0,0,0,0,0,0,0,0
251,0,0,0,0,0,0,0,0,0,0,0,0,0,0,0
180,0,0,0,0,0,0,0,0,0,0,0,0,0,0,0
203,0,0,0,0,0,0,0,0,0,0,0,0,0,0,0
180,0,0,0,0,0,0,0,0,0,0,0,0,0,0,0
208,0,0,0,0,0,0,0,0,0,0,0,0,0,0,0
84,246,81,30,0,0,0,0,0,0,0,0,0,0,0,0
27,0,0,0,0,0,0,0,0,0,0,0,0,0,0,0
76,248,0,0,0,0,0,0,0,0,0,0,0,0,0,0
306,50,0,0,0,0,0,0,0,0,0,0,0,0,0,0
58,36,166,0,0,0,0,0,0,0,0,0,0,0,0,0
135,0,0,0,0,0,0,0,0,0,0,0,0,0,0,0
219,221,0,0,0,0,0,0,0,0,0,0,0,0,0,0
102,0,0,0,0,0,0,0,0,0,0,0,0,0,0,0
63,0,0,0,0,0,0,0,0,0,0,0,0,0,0,0
14,16,0,0,0,0,0,0,0,0,0,0,0,0,0,0
179,242,0,0,0,0,0,0,0,0,0,0,0,0,0,0
154,0,0,0,0,0,0,0,0,0,0,0,0,0,0,0
44,0,0,0,0,0,0,0,0,0,0,0,0,0,0,0
170,195,113,188,0,0,0,0,0,0,0,0,0,0,0,0
220,224,208,0,0,0,0,0,0,0,0,0,0,0,0,0
307,305,0,0,0,0,0,0,0,0,0,0,0,0,0,0
229,0,0,0,0,0,0,0,0,0,0,0,0,0,0,0
84,129,262,0,0,0,0,0,0,0,0,0,0,0,0,0
136,202,246,0,0,0,0,0,0,0,0,0,0,0,0,0
22,326,325,28,0,0,0,0,0,0,0,0,0,0,0,0
217,41,211,302,106,0,0,0,0,0,0,0,0,0,0,0
209,187,0,0,0,0,0,0,0,0,0,0,0,0,0,0
124,120,119,253,0,0,0,0,0,0,0,0,0,0,0,0
268,39,0,0,0,0,0,0,0,0,0,0,0,0,0,0
27,229,0,0,0,0,0,0,0,0,0,0,0,0,0,0
70,76,73,192,0,0,0,0,0,0,0,0,0,0,0,0
264,0,0,0,0,0,0,0,0,0,0,0,0,0,0,0
203,0,0,0,0,0,0,0,0,0,0,0,0,0,0,0
217,224,211,0,0,0,0,0,0,0,0,0,0,0,0,0
2,59,0,0,0,0,0,0,0,0,0,0,0,0,0,0
34,19,26,31,0,0,0,0,0,0,0,0,0,0,0,0
22,0,0,0,0,0,0,0,0,0,0,0,0,0,0,0
5,12,0,0,0,0,0,0,0,0,0,0,0,0,0,0
199,196,0,0,0,0,0,0,0,0,0,0,0,0,0,0
235,0,0,0,0,0,0,0,0,0,0,0,0,0,0,0
74,0,0,0,0,0,0,0,0,0,0,0,0,0,0,0
143,0,0,0,0,0,0,0,0,0,0,0,0,0,0,0
34,0,0,0,0,0,0,0,0,0,0,0,0,0,0,0
200,10,170,0,0,0,0,0,0,0,0,0,0,0,0,0
254,0,0,0,0,0,0,0,0,0,0,0,0,0,0,0
185,186,0,0,0,0,0,0,0,0,0,0,0,0,0,0
292,0,0,0,0,0,0,0,0,0,0,0,0,0,0,0
66,65,194,0,0,0,0,0,0,0,0,0,0,0,0,0
135,251,0,0,0,0,0,0,0,0,0,0,0,0,0,0
129,128,127,0,0,0,0,0,0,0,0,0,0,0,0,0
322,232,0,0,0,0,0,0,0,0,0,0,0,0,0,0
193,0,0,0,0,0,0,0,0,0,0,0,0,0,0,0
267,0,0,0,0,0,0,0,0,0,0,0,0,0,0,0
19,0,0,0,0,0,0,0,0,0,0,0,0,0,0,0
41,37,138,0,0,0,0,0,0,0,0,0,0,0,0,0
147,0,0,0,0,0,0,0,0,0,0,0,0,0,0,0
242,235,269,237,0,0,0,0,0,0,0,0,0,0,0,0
290,52,0,0,0,0,0,0,0,0,0,0,0,0,0,0
303,292,144,297,0,0,0,0,0,0,0,0,0,0,0,0
169,178,172,0,0,0,0,0,0,0,0,0,0,0,0,0
113,0,0,0,0,0,0,0,0,0,0,0,0,0,0,0
185,0,0,0,0,0,0,0,0,0,0,0,0,0,0,0
324,84,14,0,0,0,0,0,0,0,0,0,0,0,0,0
103,0,0,0,0,0,0,0,0,0,0,0,0,0,0,0
255,0,0,0,0,0,0,0,0,0,0,0,0,0,0,0
254,222,0,0,0,0,0,0,0,0,0,0,0,0,0,0
257,0,0,0,0,0,0,0,0,0,0,0,0,0,0,0
275,0,0,0,0,0,0,0,0,0,0,0,0,0,0,0
29,26,93,0,0,0,0,0,0,0,0,0,0,0,0,0
238,0,0,0,0,0,0,0,0,0,0,0,0,0,0,0
108,97,100,0,0,0,0,0,0,0,0,0,0,0,0,0
61,58,0,0,0,0,0,0,0,0,0,0,0,0,0,0
126,0,0,0,0,0,0,0,0,0,0,0,0,0,0,0
140,145,137,0,0,0,0,0,0,0,0,0,0,0,0,0
202,0,0,0,0,0,0,0,0,0,0,0,0,0,0,0
11,1,0,0,0,0,0,0,0,0,0,0,0,0,0,0
41,35,52,0,0,0,0,0,0,0,0,0,0,0,0,0
114,0,0,0,0,0,0,0,0,0,0,0,0,0,0,0
260,0,0,0,0,0,0,0,0,0,0,0,0,0,0,0
241,0,0,0,0,0,0,0,0,0,0,0,0,0,0,0
304,0,0,0,0,0,0,0,0,0,0,0,0,0,0,0
209,0,0,0,0,0,0,0,0,0,0,0,0,0,0,0
241,0,0,0,0,0,0,0,0,0,0,0,0,0,0,0
264,118,0,0,0,0,0,0,0,0,0,0,0,0,0,0
49,0,0,0,0,0,0,0,0,0,0,0,0,0,0,0
117,113,0,0,0,0,0,0,0,0,0,0,0,0,0,0
168,0,0,0,0,0,0,0,0,0,0,0,0,0,0,0
235,238,242,0,0,0,0,0,0,0,0,0,0,0,0,0
199,0,0,0,0,0,0,0,0,0,0,0,0,0,0,0
304,0,0,0,0,0,0,0,0,0,0,0,0,0,0,0
212,152,0,0,0,0,0,0,0,0,0,0,0,0,0,0
34,0,0,0,0,0,0,0,0,0,0,0,0,0,0,0
190,0,0,0,0,0,0,0,0,0,0,0,0,0,0,0
246,294,0,0,0,0,0,0,0,0,0,0,0,0,0,0
151,0,0,0,0,0,0,0,0,0,0,0,0,0,0,0
38,0,0,0,0,0,0,0,0,0,0,0,0,0,0,0
189,0,0,0,0,0,0,0,0,0,0,0,0,0,0,0
326,161,157,0,0,0,0,0,0,0,0,0,0,0,0,0
268,0,0,0,0,0,0,0,0,0,0,0,0,0,0,0
183,191,195,0,0,0,0,0,0,0,0,0,0,0,0,0
254,259,147,0,0,0,0,0,0,0,0,0,0,0,0,0
238,249,0,0,0,0,0,0,0,0,0,0,0,0,0,0
16,0,0,0,0,0,0,0,0,0,0,0,0,0,0,0
52,0,0,0,0,0,0,0,0,0,0,0,0,0,0,0
18,0,0,0,0,0,0,0,0,0,0,0,0,0,0,0
32,0,0,0,0,0,0,0,0,0,0,0,0,0,0,0
126,0,0,0,0,0,0,0,0,0,0,0,0,0,0,0
30,152,0,0,0,0,0,0,0,0,0,0,0,0,0,0
168,167,0,0,0,0,0,0,0,0,0,0,0,0,0,0
10,6,0,0,0,0,0,0,0,0,0,0,0,0,0,0
234,206,197,0,0,0,0,0,0,0,0,0,0,0,0,0
49,190,0,0,0,0,0,0,0,0,0,0,0,0,0,0
252,248,0,0,0,0,0,0,0,0,0,0,0,0,0,0
181,0,0,0,0,0,0,0,0,0,0,0,0,0,0,0
92,0,0,0,0,0,0,0,0,0,0,0,0,0,0,0
269,0,0,0,0,0,0,0,0,0,0,0,0,0,0,0
257,0,0,0,0,0,0,0,0,0,0,0,0,0,0,0
142,132,144,0,0,0,0,0,0,0,0,0,0,0,0,0
127,130,126,147,0,0,0,0,0,0,0,0,0,0,0,0
274,276,0,0,0,0,0,0,0,0,0,0,0,0,0,0
32,22,19,30,0,0,0,0,0,0,0,0,0,0,0,0
172,0,0,0,0,0,0,0,0,0,0,0,0,0,0,0
174,167,0,0,0,0,0,0,0,0,0,0,0,0,0,0
5,0,0,0,0,0,0,0,0,0,0,0,0,0,0,0
91,0,0,0,0,0,0,0,0,0,0,0,0,0,0,0
269,127,38,266,0,0,0,0,0,0,0,0,0,0,0,0
152,132,0,0,0,0,0,0,0,0,0,0,0,0,0,0
101,0,0,0,0,0,0,0,0,0,0,0,0,0,0,0
58,0,0,0,0,0,0,0,0,0,0,0,0,0,0,0
259,0,0,0,0,0,0,0,0,0,0,0,0,0,0,0
148,0,0,0,0,0,0,0,0,0,0,0,0,0,0,0
245,235,0,0,0,0,0,0,0,0,0,0,0,0,0,0
221,0,0,0,0,0,0,0,0,0,0,0,0,0,0,0
168,0,0,0,0,0,0,0,0,0,0,0,0,0,0,0
78,0,0,0,0,0,0,0,0,0,0,0,0,0,0,0
267,211,0,0,0,0,0,0,0,0,0,0,0,0,0,0
8,0,0,0,0,0,0,0,0,0,0,0,0,0,0,0
291,0,0,0,0,0,0,0,0,0,0,0,0,0,0,0
232,0,0,0,0,0,0,0,0,0,0,0,0,0,0,0
23,20,0,0,0,0,0,0,0,0,0,0,0,0,0,0
85,321,0,0,0,0,0,0,0,0,0,0,0,0,0,0
208,0,0,0,0,0,0,0,0,0,0,0,0,0,0,0
154,0,0,0,0,0,0,0,0,0,0,0,0,0,0,0
36,0,0,0,0,0,0,0,0,0,0,0,0,0,0,0
110,105,0,0,0,0,0,0,0,0,0,0,0,0,0,0
154,0,0,0,0,0,0,0,0,0,0,0,0,0,0,0
168,270,279,273,274,0,0,0,0,0,0,0,0,0,0,0
57,59,60,0,0,0,0,0,0,0,0,0,0,0,0,0
139,0,0,0,0,0,0,0,0,0,0,0,0,0,0,0
6,7,15,9,0,0,0,0,0,0,0,0,0,0,0,0
212,220,0,0,0,0,0,0,0,0,0,0,0,0,0,0
1,4,8,0,0,0,0,0,0,0,0,0,0,0,0,0
115,111,0,0,0,0,0,0,0,0,0,0,0,0,0,0
202,200,0,0,0,0,0,0,0,0,0,0,0,0,0,0
209,224,0,0,0,0,0,0,0,0,0,0,0,0,0,0
268,269,0,0,0,0,0,0,0,0,0,0,0,0,0,0
49,0,0,0,0,0,0,0,0,0,0,0,0,0,0,0
252,299,0,0,0,0,0,0,0,0,0,0,0,0,0,0
271,0,0,0,0,0,0,0,0,0,0,0,0,0,0,0
143,259,0,0,0,0,0,0,0,0,0,0,0,0,0,0
279,270,0,0,0,0,0,0,0,0,0,0,0,0,0,0
219,221,291,0,0,0,0,0,0,0,0,0,0,0,0,0
145,212,0,0,0,0,0,0,0,0,0,0,0,0,0,0
7,182,0,0,0,0,0,0,0,0,0,0,0,0,0,0
197,292,0,0,0,0,0,0,0,0,0,0,0,0,0,0
29,34,55,62,0,0,0,0,0,0,0,0,0,0,0,0
224,0,0,0,0,0,0,0,0,0,0,0,0,0,0,0
322,319,0,0,0,0,0,0,0,0,0,0,0,0,0,0
132,17,0,0,0,0,0,0,0,0,0,0,0,0,0,0
22,0,0,0,0,0,0,0,0,0,0,0,0,0,0,0
182,0,0,0,0,0,0,0,0,0,0,0,0,0,0,0
213,0,0,0,0,0,0,0,0,0,0,0,0,0,0,0
3,0,0,0,0,0,0,0,0,0,0,0,0,0,0,0
175,168,0,0,0,0,0,0,0,0,0,0,0,0,0,0
254,0,0,0,0,0,0,0,0,0,0,0,0,0,0,0
55,0,0,0,0,0,0,0,0,0,0,0,0,0,0,0
31,0,0,0,0,0,0,0,0,0,0,0,0,0,0,0
203,0,0,0,0,0,0,0,0,0,0,0,0,0,0,0
17,0,0,0,0,0,0,0,0,0,0,0,0,0,0,0
252,0,0,0,0,0,0,0,0,0,0,0,0,0,0,0
23,221,224,222,0,0,0,0,0,0,0,0,0,0,0,0
326,322,324,0,0,0,0,0,0,0,0,0,0,0,0,0
255,253,0,0,0,0,0,0,0,0,0,0,0,0,0,0
299,0,0,0,0,0,0,0,0,0,0,0,0,0,0,0
190,0,0,0,0,0,0,0,0,0,0,0,0,0,0,0
27,0,0,0,0,0,0,0,0,0,0,0,0,0,0,0
247,263,0,0,0,0,0,0,0,0,0,0,0,0,0,0
126,0,0,0,0,0,0,0,0,0,0,0,0,0,0,0
199,0,0,0,0,0,0,0,0,0,0,0,0,0,0,0
201,206,0,0,0,0,0,0,0,0,0,0,0,0,0,0
49,322,302,284,326,0,0,0,0,0,0,0,0,0,0,0
280,0,0,0,0,0,0,0,0,0,0,0,0,0,0,0
16,48,0,0,0,0,0,0,0,0,0,0,0,0,0,0
23,0,0,0,0,0,0,0,0,0,0,0,0,0,0,0
268,297,0,0,0,0,0,0,0,0,0,0,0,0,0,0
306,182,0,0,0,0,0,0,0,0,0,0,0,0,0,0
238,0,0,0,0,0,0,0,0,0,0,0,0,0,0,0
64,0,0,0,0,0,0,0,0,0,0,0,0,0,0,0
247,0,0,0,0,0,0,0,0,0,0,0,0,0,0,0
50,0,0,0,0,0,0,0,0,0,0,0,0,0,0,0
175,21,0,0,0,0,0,0,0,0,0,0,0,0,0,0
46,43,0,0,0,0,0,0,0,0,0,0,0,0,0,0
279,0,0,0,0,0,0,0,0,0,0,0,0,0,0,0
38,21,33,0,0,0,0,0,0,0,0,0,0,0,0,0
269,221,0,0,0,0,0,0,0,0,0,0,0,0,0,0
250,0,0,0,0,0,0,0,0,0,0,0,0,0,0,0
295,0,0,0,0,0,0,0,0,0,0,0,0,0,0,0
100,0,0,0,0,0,0,0,0,0,0,0,0,0,0,0
135,0,0,0,0,0,0,0,0,0,0,0,0,0,0,0
319,324,0,0,0,0,0,0,0,0,0,0,0,0,0,0
232,0,0,0,0,0,0,0,0,0,0,0,0,0,0,0
240,0,0,0,0,0,0,0,0,0,0,0,0,0,0,0
2,0,0,0,0,0,0,0,0,0,0,0,0,0,0,0
127,303,307,0,0,0,0,0,0,0,0,0,0,0,0,0
251,0,0,0,0,0,0,0,0,0,0,0,0,0,0,0
184,0,0,0,0,0,0,0,0,0,0,0,0,0,0,0
87,50,0,0,0,0,0,0,0,0,0,0,0,0,0,0
173,0,0,0,0,0,0,0,0,0,0,0,0,0,0,0
263,245,0,0,0,0,0,0,0,0,0,0,0,0,0,0
51,55,107,6,0,0,0,0,0,0,0,0,0,0,0,0
28,274,0,0,0,0,0,0,0,0,0,0,0,0,0,0
296,158,288,0,0,0,0,0,0,0,0,0,0,0,0,0
80,0,0,0,0,0,0,0,0,0,0,0,0,0,0,0
56,170,0,0,0,0,0,0,0,0,0,0,0,0,0,0
319,325,0,0,0,0,0,0,0,0,0,0,0,0,0,0
68,67,65,23,0,0,0,0,0,0,0,0,0,0,0,0
191,187,0,0,0,0,0,0,0,0,0,0,0,0,0,0
251,111,112,117,0,0,0,0,0,0,0,0,0,0,0,0
168,0,0,0,0,0,0,0,0,0,0,0,0,0,0,0
234,238,134,100,104,0,0,0,0,0,0,0,0,0,0,0
307,0,0,0,0,0,0,0,0,0,0,0,0,0,0,0
232,126,0,0,0,0,0,0,0,0,0,0,0,0,0,0
37,0,0,0,0,0,0,0,0,0,0,0,0,0,0,0
170,288,287,0,0,0,0,0,0,0,0,0,0,0,0,0
97,48,0,0,0,0,0,0,0,0,0,0,0,0,0,0
294,0,0,0,0,0,0,0,0,0,0,0,0,0,0,0
287,0,0,0,0,0,0,0,0,0,0,0,0,0,0,0
1,13,0,0,0,0,0,0,0,0,0,0,0,0,0,0
277,202,258,0,0,0,0,0,0,0,0,0,0,0,0,0
81,220,211,0,0,0,0,0,0,0,0,0,0,0,0,0
42,171,0,0,0,0,0,0,0,0,0,0,0,0,0,0
9,111,260,263,112,0,0,0,0,0,0,0,0,0,0,0
209,29,0,0,0,0,0,0,0,0,0,0,0,0,0,0
90,125,188,0,0,0,0,0,0,0,0,0,0,0,0,0
173,129,0,0,0,0,0,0,0,0,0,0,0,0,0,0
212,0,0,0,0,0,0,0,0,0,0,0,0,0,0,0
66,190,0,0,0,0,0,0,0,0,0,0,0,0,0,0
115,0,0,0,0,0,0,0,0,0,0,0,0,0,0,0
120,113,0,0,0,0,0,0,0,0,0,0,0,0,0,0
131,256,258,0,0,0,0,0,0,0,0,0,0,0,0,0
109,322,326,0,0,0,0,0,0,0,0,0,0,0,0,0
212,74,75,0,0,0,0,0,0,0,0,0,0,0,0,0
52,48,57,0,0,0,0,0,0,0,0,0,0,0,0,0
39,68,0,0,0,0,0,0,0,0,0,0,0,0,0,0
91,104,0,0,0,0,0,0,0,0,0,0,0,0,0,0
152,136,7,0,0,0,0,0,0,0,0,0,0,0,0,0
126,127,0,0,0,0,0,0,0,0,0,0,0,0,0,0
168,179,165,260,0,0,0,0,0,0,0,0,0,0,0,0
158,262,0,0,0,0,0,0,0,0,0,0,0,0,0,0
265,99,0,0,0,0,0,0,0,0,0,0,0,0,0,0
150,0,0,0,0,0,0,0,0,0,0,0,0,0,0,0
252,0,0,0,0,0,0,0,0,0,0,0,0,0,0,0
305,0,0,0,0,0,0,0,0,0,0,0,0,0,0,0
51,43,0,0,0,0,0,0,0,0,0,0,0,0,0,0
119,0,0,0,0,0,0,0,0,0,0,0,0,0,0,0
127,0,0,0,0,0,0,0,0,0,0,0,0,0,0,0
50,0,0,0,0,0,0,0,0,0,0,0,0,0,0,0
208,221,0,0,0,0,0,0,0,0,0,0,0,0,0,0
218,216,0,0,0,0,0,0,0,0,0,0,0,0,0,0
211,0,0,0,0,0,0,0,0,0,0,0,0,0,0,0
142,0,0,0,0,0,0,0,0,0,0,0,0,0,0,0
268,169,271,0,0,0,0,0,0,0,0,0,0,0,0,0
57,59,60,58,0,0,0,0,0,0,0,0,0,0,0,0
218,172,0,0,0,0,0,0,0,0,0,0,0,0,0,0
141,0,0,0,0,0,0,0,0,0,0,0,0,0,0,0
303,67,0,0,0,0,0,0,0,0,0,0,0,0,0,0
45,270,0,0,0,0,0,0,0,0,0,0,0,0,0,0
267,0,0,0,0,0,0,0,0,0,0,0,0,0,0,0
55,43,0,0,0,0,0,0,0,0,0,0,0,0,0,0
123,0,0,0,0,0,0,0,0,0,0,0,0,0,0,0
35,115,0,0,0,0,0,0,0,0,0,0,0,0,0,0
300,285,0,0,0,0,0,0,0,0,0,0,0,0,0,0
23,0,0,0,0,0,0,0,0,0,0,0,0,0,0,0
176,0,0,0,0,0,0,0,0,0,0,0,0,0,0,0
261,0,0,0,0,0,0,0,0,0,0,0,0,0,0,0
74,0,0,0,0,0,0,0,0,0,0,0,0,0,0,0
10,168,167,14,48,51,52,0,0,0,0,0,0,0,0,0
179,0,0,0,0,0,0,0,0,0,0,0,0,0,0,0
114,0,0,0,0,0,0,0,0,0,0,0,0,0,0,0
258,0,0,0,0,0,0,0,0,0,0,0,0,0,0,0
271,0,0,0,0,0,0,0,0,0,0,0,0,0,0,0
107,0,0,0,0,0,0,0,0,0,0,0,0,0,0,0
93,88,0,0,0,0,0,0,0,0,0,0,0,0,0,0
248,0,0,0,0,0,0,0,0,0,0,0,0,0,0,0
66,0,0,0,0,0,0,0,0,0,0,0,0,0,0,0
266,269,28,18,20,0,0,0,0,0,0,0,0,0,0,0
184,188,0,0,0,0,0,0,0,0,0,0,0,0,0,0
233,232,0,0,0,0,0,0,0,0,0,0,0,0,0,0
167,0,0,0,0,0,0,0,0,0,0,0,0,0,0,0
220,290,0,0,0,0,0,0,0,0,0,0,0,0,0,0
268,0,0,0,0,0,0,0,0,0,0,0,0,0,0,0
30,31,0,0,0,0,0,0,0,0,0,0,0,0,0,0
63,0,0,0,0,0,0,0,0,0,0,0,0,0,0,0
5,14,0,0,0,0,0,0,0,0,0,0,0,0,0,0
44,0,0,0,0,0,0,0,0,0,0,0,0,0,0,0
17,4,0,0,0,0,0,0,0,0,0,0,0,0,0,0
43,0,0,0,0,0,0,0,0,0,0,0,0,0,0,0
306,127,128,0,0,0,0,0,0,0,0,0,0,0,0,0
34,285,0,0,0,0,0,0,0,0,0,0,0,0,0,0
140,0,0,0,0,0,0,0,0,0,0,0,0,0,0,0
278,242,0,0,0,0,0,0,0,0,0,0,0,0,0,0
