259,184,195,240,108,0,0,0,0,0,0,0,0,0,0,0
87,280,90,270,48,65,64,68,46,271,0,0,0,0,0,0
296,234,221,219,0,0,0,0,0,0,0,0,0,0,0,0
259,202,196,262,15,0,0,0,0,0,0,0,0,0,0,0
63,5,64,74,6,0,0,0,0,0,0,0,0,0,0,0
307,305,308,304,285,0,0,0,0,0,0,0,0,0,0,0
299,268,266,274,321,269,278,265,0,0,0,0,0,0,0,0
168,175,231,229,174,233,171,232,0,0,0,0,0,0,0,0
257,34,31,21,83,14,23,0,0,0,0,0,0,0,0,0
217,165,209,179,173,294,302,0,0,0,0,0,0,0,0,0
192,264,3,12,193,0,0,0,0,0,0,0,0,0,0,0
203,238,270,0,0,0,0,0,0,0,0,0,0,0,0,0
212,167,211,116,0,0,0,0,0,0,0,0,0,0,0,0
220,15,17,172,4,178,11,166,189,169,187,213,183,0,0,0
116,271,103,186,274,110,142,105,276,272,0,0,0,0,0,0
250,277,136,275,234,133,255,246,0,0,0,0,0,0,0,0
74,216,206,59,57,212,60,0,0,0,0,0,0,0,0,0
297,24,256,284,6,20,257,26,262,13,1,0,0,0,0,0
233,232,25,252,29,23,229,258,290,0,0,0,0,0,0,0
125,145,254,123,119,247,264,0,0,0,0,0,0,0,0,0
240,303,266,155,0,0,0,0,0,0,0,0,0,0,0,0
49,14,43,221,0,0,0,0,0,0,0,0,0,0,0,0
28,67,36,0,0,0,0,0,0,0,0,0,0,0,0,0
199,196,201,285,300,321,0,0,0,0,0,0,0,0,0,0
86,45,90,83,87,0,0,0,0,0,0,0,0,0,0,0
155,154,261,254,287,173,297,162,166,290,0,0,0,0,0,0
188,47,74,58,50,195,187,0,0,0,0,0,0,0,0,0
175,134,171,141,258,181,172,0,0,0,0,0,0,0,0,0
15,147,3,284,0,0,0,0,0,0,0,0,0,0,0,0
266,306,303,189,107,304,268,0,0,0,0,0,0,0,0,0
43,117,285,106,102,52,0,0,0,0,0,0,0,0,0,0
139,136,299,286,300,90,91,87,241,0,0,0,0,0,0,0
263,218,186,255,262,16,208,11,0,0,0,0,0,0,0,0
277,322,325,17,279,0,0,0,0,0,0,0,0,0,0,0
63,119,232,229,0,0,0,0,0,0,0,0,0,0,0,0
130,37,38,250,35,201,264,39,0,0,0,0,0,0,0,0
24,30,170,8,246,21,0,0,0,0,0,0,0,0,0,0
63,209,34,208,212,18,211,0,0,0,0,0,0,0,0,0
140,32,13,27,118,7,100,103,141,0,0,0,0,0,0,0
251,221,179,214,257,152,167,247,169,256,0,0,0,0,0,0
127,248,326,319,129,83,321,80,0,0,0,0,0,0,0,0
274,258,280,259,194,195,305,306,304,249,0,0,0,0,0,0
176,119,171,216,172,48,220,52,55,51,0,0,0,0,0,0
232,233,59,229,107,60,187,113,58,110,231,0,0,0,0,0
137,242,234,267,53,135,265,131,266,139,268,0,0,0,0,0
39,38,105,73,112,154,40,75,158,0,0,0,0,0,0,0
188,271,270,173,182,189,245,235,177,246,0,0,0,0,0,0
293,302,295,108,92,115,203,0,0,0,0,0,0,0,0,0
175,181,168,47,44,30,49,0,0,0,0,0,0,0,0,0
68,64,67,63,112,90,107,0,0,0,0,0,0,0,0,0
32,40,113,229,37,0,0,0,0,0,0,0,0,0,0,0
11,17,13,179,176,6,0,0,0,0,0,0,0,0,0,0
271,220,272,276,211,278,117,0,0,0,0,0,0,0,0,0
234,16,240,0,0,0,0,0,0,0,0,0,0,0,0,0
319,257,123,247,325,119,255,248,0,0,0,0,0,0,0,0
171,208,180,174,0,0,0,0,0,0,0,0,0,0,0,0
18,27,187,29,224,0,0,0,0,0,0,0,0,0,0,0
53,294,0,0,0,0,0,0,0,0,0,0,0,0,0,0
3,4,100,168,114,170,101,0,0,0,0,0,0,0,0,0
268,266,202,0,0,0,0,0,0,0,0,0,0,0,0,0
272,128,216,224,212,188,129,271,127,192,182,277,0,0,0,0
303,287,162,308,155,304,290,307,75,0,0,0,0,0,0,0
29,30,139,21,104,102,18,171,137,115,117,0,0,0,0,0
147,133,83,234,201,246,134,206,0,0,0,0,0,0,0,0
49,108,229,266,105,48,265,268,52,45,233,0,0,0,0,0
237,242,101,252,11,260,241,240,16,0,0,0,0,0,0,0
276,219,273,278,256,270,208,0,0,0,0,0,0,0,0,0
183,191,194,28,32,22,217,168,0,0,0,0,0,0,0,0
10,88,23,186,33,0,0,0,0,0,0,0,0,0,0,0
200,68,62,63,120,202,0,0,0,0,0,0,0,0,0,0
131,321,9,20,34,26,0,0,0,0,0,0,0,0,0,0
14,36,146,39,40,41,0,0,0,0,0,0,0,0,0,0
302,24,270,275,0,0,0,0,0,0,0,0,0,0,0,0
170,308,16,177,305,306,307,38,171,5,0,0,0,0,0,0
189,233,258,232,285,0,0,0,0,0,0,0,0,0,0,0
128,108,120,129,107,0,0,0,0,0,0,0,0,0,0,0
254,50,167,253,256,46,178,45,43,0,0,0,0,0,0,0
52,139,134,241,237,28,137,31,53,54,0,0,0,0,0,0
34,48,19,102,42,32,209,20,0,0,0,0,0,0,0,0
165,220,217,29,173,25,26,222,11,0,0,0,0,0,0,0
80,268,321,1,324,267,12,322,17,0,0,0,0,0,0,0
213,175,176,218,181,224,221,290,286,0,0,0,0,0,0,0
297,277,296,62,59,284,0,0,0,0,0,0,0,0,0,0
12,145,302,294,11,7,161,154,3,144,0,0,0,0,0,0
269,47,51,267,97,268,0,0,0,0,0,0,0,0,0,0
20,266,267,250,255,265,258,23,261,268,0,0,0,0,0,0
202,199,297,196,293,0,0,0,0,0,0,0,0,0,0,0
245,183,221,220,38,219,41,238,246,0,0,0,0,0,0,0
174,140,200,165,285,166,201,298,135,0,0,0,0,0,0,0
304,325,322,306,305,62,271,326,60,303,0,0,0,0,0,0
188,150,126,186,130,132,129,128,0,0,0,0,0,0,0,0
44,33,26,22,171,178,180,0,0,0,0,0,0,0,0,0
217,231,7,209,112,229,0,0,0,0,0,0,0,0,0,0
107,98,193,42,49,189,187,184,47,0,0,0,0,0,0,0
6,295,31,302,30,0,0,0,0,0,0,0,0,0,0,0
292,9,294,73,10,0,0,0,0,0,0,0,0,0,0,0
224,4,46,52,149,0,0,0,0,0,0,0,0,0,0,0
326,180,200,197,176,319,202,285,174,0,0,0,0,0,0,0
143,162,212,218,100,161,132,101,0,0,0,0,0,0,0,0
104,304,224,117,188,112,113,0,0,0,0,0,0,0,0,0
206,255,157,0,0,0,0,0,0,0,0,0,0,0,0,0
135,151,106,49,121,140,108,124,44,42,51,114,133,0,0,0
183,80,0,0,0,0,0,0,0,0,0,0,0,0,0,0
284,299,128,0,0,0,0,0,0,0,0,0,0,0,0,0
303,118,306,304,41,38,216,97,0,0,0,0,0,0,0,0
143,133,138,199,286,201,203,111,294,114,196,132,113,0,0,0
121,278,108,5,119,2,122,123,0,0,0,0,0,0,0,0
260,87,263,22,24,90,187,0,0,0,0,0,0,0,0,0
66,42,52,250,50,267,266,269,0,0,0,0,0,0,0,0
126,128,208,221,211,80,130,224,85,82,0,0,0,0,0,0
217,324,220,322,212,325,209,155,0,0,0,0,0,0,0,0
104,139,280,279,146,0,0,0,0,0,0,0,0,0,0,0
29,70,231,245,242,233,31,232,78,246,27,73,0,0,0,0
148,189,255,134,47,264,152,194,43,0,0,0,0,0,0,0
61,57,300,23,60,62,30,26,292,234,0,0,0,0,0,0
14,197,193,3,299,200,11,12,188,0,0,0,0,0,0,0
286,83,24,18,300,229,0,0,0,0,0,0,0,0,0,0
266,321,195,324,279,325,268,269,0,0,0,0,0,0,0,0
289,287,237,178,245,0,0,0,0,0,0,0,0,0,0,0
197,190,270,193,200,126,128,0,0,0,0,0,0,0,0,0
110,221,219,1,216,238,16,241,246,98,0,0,0,0,0,0
114,105,14,288,299,17,99,257,262,0,0,0,0,0,0,0
248,31,35,261,27,292,247,33,38,252,0,0,0,0,0,0
108,2,115,43,3,10,180,166,102,0,0,0,0,0,0,0
75,224,211,303,125,73,212,217,124,0,0,0,0,0,0,0
201,20,196,22,203,87,202,25,0,0,0,0,0,0,0,0
62,65,67,186,182,61,171,68,168,185,172,170,0,0,0,0
137,112,34,29,141,145,118,151,32,208,0,0,0,0,0,0
20,116,127,12,106,10,129,0,0,0,0,0,0,0,0,0
14,92,172,179,140,7,8,167,134,141,0,0,0,0,0,0
104,185,188,262,193,257,155,102,161,158,97,162,0,0,0,0
114,170,182,184,189,168,174,195,321,109,324,107,319,326,0,0
218,99,209,40,37,200,0,0,0,0,0,0,0,0,0,0
217,229,231,54,119,0,0,0,0,0,0,0,0,0,0,0
247,55,49,31,24,26,286,284,52,300,250,301,0,0,0,0
169,13,180,17,139,280,133,181,149,0,0,0,0,0,0,0
6,142,101,1,98,146,151,42,110,0,0,0,0,0,0,0
80,67,64,65,306,73,307,308,303,68,0,0,0,0,0,0
264,187,261,263,245,234,216,241,249,212,242,0,0,0,0,0
119,269,268,266,0,0,0,0,0,0,0,0,0,0,0,0
251,253,97,0,0,0,0,0,0,0,0,0,0,0,0,0
191,278,192,182,0,0,0,0,0,0,0,0,0,0,0,0
324,247,271,0,0,0,0,0,0,0,0,0,0,0,0,0
220,298,302,0,0,0,0,0,0,0,0,0,0,0,0,0
294,129,128,0,0,0,0,0,0,0,0,0,0,0,0,0
212,13,213,47,9,4,285,0,0,0,0,0,0,0,0,0
240,264,82,85,250,0,0,0,0,0,0,0,0,0,0,0
201,57,59,196,62,0,0,0,0,0,0,0,0,0,0,0
137,65,171,211,0,0,0,0,0,0,0,0,0,0,0,0
124,120,0,0,0,0,0,0,0,0,0,0,0,0,0,0
249,34,260,0,0,0,0,0,0,0,0,0,0,0,0,0
4,73,190,75,192,0,0,0,0,0,0,0,0,0,0,0
173,38,234,180,246,175,197,196,41,202,235,35,36,0,0,0
13,290,237,246,321,0,0,0,0,0,0,0,0,0,0,0
42,162,286,46,0,0,0,0,0,0,0,0,0,0,0,0
167,275,276,186,211,222,0,0,0,0,0,0,0,0,0,0
102,34,61,114,192,118,57,0,0,0,0,0,0,0,0,0
233,232,274,272,231,229,0,0,0,0,0,0,0,0,0,0
165,37,174,38,39,0,0,0,0,0,0,0,0,0,0,0
308,66,249,304,306,203,65,307,263,255,257,0,0,0,0,0
267,294,268,0,0,0,0,0,0,0,0,0,0,0,0,0
253,248,100,202,0,0,0,0,0,0,0,0,0,0,0,0
242,241,99,238,245,0,0,0,0,0,0,0,0,0,0,0
48,51,87,0,0,0,0,0,0,0,0,0,0,0,0,0
3,107,97,121,0,0,0,0,0,0,0,0,0,0,0,0
181,270,144,279,277,0,0,0,0,0,0,0,0,0,0,0
104,43,158,0,0,0,0,0,0,0,0,0,0,0,0,0
38,255,64,249,251,0,0,0,0,0,0,0,0,0,0,0
203,201,197,268,0,0,0,0,0,0,0,0,0,0,0,0
134,108,168,149,0,0,0,0,0,0,0,0,0,0,0,0
174,304,306,220,172,214,101,0,0,0,0,0,0,0,0,0
253,171,246,241,170,235,0,0,0,0,0,0,0,0,0,0
24,186,51,25,22,143,0,0,0,0,0,0,0,0,0,0
70,261,0,0,0,0,0,0,0,0,0,0,0,0,0,0
209,200,29,30,219,0,0,0,0,0,0,0,0,0,0,0
322,20,319,128,129,326,0,0,0,0,0,0,0,0,0,0
187,189,57,87,192,88,12,0,0,0,0,0,0,0,0,0
43,85,0,0,0,0,0,0,0,0,0,0,0,0,0,0
192,29,0,0,0,0,0,0,0,0,0,0,0,0,0,0
305,307,52,0,0,0,0,0,0,0,0,0,0,0,0,0
219,149,180,221,103,165,110,181,214,118,0,0,0,0,0,0
293,15,291,31,44,295,1,43,34,289,29,0,0,0,0,0
292,285,112,233,231,67,284,229,232,296,68,64,0,0,0,0
270,196,277,125,267,123,197,121,271,200,0,0,0,0,0,0
254,177,172,298,290,23,286,294,167,27,0,0,0,0,0,0
108,324,185,300,115,183,184,100,321,188,0,0,0,0,0,0
256,192,48,187,55,52,250,257,195,0,0,0,0,0,0,0
216,20,88,128,87,33,127,130,129,212,0,0,0,0,0,0
73,36,35,161,169,166,158,178,41,78,171,162,0,0,0,0
86,261,235,247,305,306,82,252,307,85,253,241,80,0,0,0
49,201,179,206,50,202,175,45,246,199,245,238,0,0,0,0
113,276,59,107,132,275,62,148,147,278,273,0,0,0,0,0
261,129,254,127,185,128,74,0,0,0,0,0,0,0,0,0
56,59,232,233,0,0,0,0,0,0,0,0,0,0,0,0
26,222,224,18,0,0,0,0,0,0,0,0,0,0,0,0
211,278,187,260,182,0,0,0,0,0,0,0,0,0,0,0
263,50,19,24,248,0,0,0,0,0,0,0,0,0,0,0
292,258,0,0,0,0,0,0,0,0,0,0,0,0,0,0
143,222,254,0,0,0,0,0,0,0,0,0,0,0,0,0
276,26,0,0,0,0,0,0,0,0,0,0,0,0,0,0
268,241,51,240,0,0,0,0,0,0,0,0,0,0,0,0
36,167,138,196,0,0,0,0,0,0,0,0,0,0,0,0
191,234,237,21,33,0,0,0,0,0,0,0,0,0,0,0
124,170,76,233,0,0,0,0,0,0,0,0,0,0,0,0
187,211,279,280,184,182,262,255,278,221,259,0,0,0,0,0
217,220,292,269,265,51,42,209,267,44,285,45,289,266,0,0
232,233,251,231,127,130,129,192,193,264,229,0,0,0,0,0
134,139,60,62,56,65,64,58,135,67,0,0,0,0,0,0
167,166,218,137,214,188,190,222,180,132,178,185,146,0,0,0
240,260,3,249,1,113,262,99,241,13,10,0,0,0,0,0
303,306,324,224,321,276,319,308,304,0,0,0,0,0,0,0
180,52,253,174,0,0,0,0,0,0,0,0,0,0,0,0
167,62,61,176,0,0,0,0,0,0,0,0,0,0,0,0
277,275,326,245,241,279,274,240,0,0,0,0,0,0,0,0
214,268,266,6,229,14,5,231,267,0,0,0,0,0,0,0
128,276,66,155,271,162,64,158,65,154,273,0,0,0,0,0
168,171,23,186,19,31,184,41,36,38,39,0,0,0,0,0
136,257,134,0,0,0,0,0,0,0,0,0,0,0,0,0
291,143,29,0,0,0,0,0,0,0,0,0,0,0,0,0
193,189,201,170,200,120,203,124,0,0,0,0,0,0,0,0
293,145,137,116,0,0,0,0,0,0,0,0,0,0,0,0
122,119,289,293,120,0,0,0,0,0,0,0,0,0,0,0
67,84,68,27,55,0,0,0,0,0,0,0,0,0,0,0
301,12,13,21,246,292,14,19,284,240,0,0,0,0,0,0
287,209,237,235,291,290,108,100,296,0,0,0,0,0,0,0
145,2,220,208,15,212,134,152,0,0,0,0,0,0,0,0
24,229,177,233,217,0,0,0,0,0,0,0,0,0,0,0
196,154,161,91,308,93,304,162,87,155,305,303,92,202,0,0
70,265,267,77,286,75,285,59,73,57,266,295,60,268,0,0
172,150,324,169,322,170,135,280,175,321,147,319,132,0,0,0
168,61,0,0,0,0,0,0,0,0,0,0,0,0,0,0
303,305,99,0,0,0,0,0,0,0,0,0,0,0,0,0
200,38,40,238,0,0,0,0,0,0,0,0,0,0,0,0
232,154,233,229,231,0,0,0,0,0,0,0,0,0,0,0
214,49,267,268,0,0,0,0,0,0,0,0,0,0,0,0
34,172,29,0,0,0,0,0,0,0,0,0,0,0,0,0
199,196,197,66,116,202,0,0,0,0,0,0,0,0,0,0
195,115,25,0,0,0,0,0,0,0,0,0,0,0,0,0
224,4,145,142,33,148,16,20,132,0,0,0,0,0,0,0
144,176,44,0,0,0,0,0,0,0,0,0,0,0,0,0
326,325,222,216,0,0,0,0,0,0,0,0,0,0,0,0
91,93,181,83,80,89,82,88,171,81,180,0,0,0,0,0
308,307,39,104,116,295,40,36,303,108,113,0,0,0,0,0
289,149,129,127,143,3,142,137,5,9,292,0,0,0,0,0
152,167,171,275,30,172,136,19,133,0,0,0,0,0,0,0
176,249,253,325,187,0,0,0,0,0,0,0,0,0,0,0
247,48,92,47,264,0,0,0,0,0,0,0,0,0,0,0
33,293,294,86,34,81,115,25,117,97,0,0,0,0,0,0
277,13,12,255,280,7,257,251,272,16,0,0,0,0,0,0
62,202,199,68,67,197,0,0,0,0,0,0,0,0,0,0
298,115,229,231,233,102,12,99,288,0,0,0,0,0,0,0
279,130,235,145,277,129,245,242,271,126,275,144,0,0,0,0
152,192,186,234,146,185,241,194,238,49,0,0,0,0,0,0
173,175,181,165,301,0,0,0,0,0,0,0,0,0,0,0
267,170,308,269,177,304,122,266,305,180,120,0,0,0,0,0
211,322,70,213,199,73,212,321,75,324,76,222,0,0,0,0
169,17,107,258,14,101,117,264,253,15,0,0,0,0,0,0
92,296,90,141,256,250,293,257,135,142,133,87,91,0,0,0
19,13,27,2,34,43,4,109,46,3,53,0,0,0,0,0
214,158,190,184,161,168,216,162,221,179,208,187,193,174,167,0
217,58,219,61,209,218,280,68,0,0,0,0,0,0,0,0
6,43,51,33,0,0,0,0,0,0,0,0,0,0,0,0
63,89,0,0,0,0,0,0,0,0,0,0,0,0,0,0
273,272,162,271,158,233,229,157,0,0,0,0,0,0,0,0
92,35,90,36,218,87,124,121,220,39,0,0,0,0,0,0
110,250,199,196,187,263,183,189,0,0,0,0,0,0,0,0
154,100,162,101,274,108,102,0,0,0,0,0,0,0,0,0
42,52,135,55,104,0,0,0,0,0,0,0,0,0,0,0
29,91,264,0,0,0,0,0,0,0,0,0,0,0,0,0
132,149,187,183,175,0,0,0,0,0,0,0,0,0,0,0
200,137,148,0,0,0,0,0,0,0,0,0,0,0,0,0
279,75,0,0,0,0,0,0,0,0,0,0,0,0,0,0
301,299,203,15,0,0,0,0,0,0,0,0,0,0,0,0
197,139,206,116,103,24,34,28,32,152,0,0,0,0,0,0
263,58,262,249,60,154,277,57,258,157,56,0,0,0,0,0
219,186,182,5,187,166,7,209,0,0,0,0,0,0,0,0
14,17,89,229,0,0,0,0,0,0,0,0,0,0,0,0
44,184,0,0,0,0,0,0,0,0,0,0,0,0,0,0
265,268,266,0,0,0,0,0,0,0,0,0,0,0,0,0
245,103,0,0,0,0,0,0,0,0,0,0,0,0,0,0
166,181,179,277,11,276,23,28,280,4,25,273,0,0,0,0
83,93,45,209,219,89,88,84,86,47,52,49,0,0,0,0
246,189,2,191,13,10,220,190,245,241,213,0,0,0,0,0
26,51,263,144,21,55,46,261,264,0,0,0,0,0,0,0
173,284,274,302,14,172,180,0,0,0,0,0,0,0,0,0
121,304,129,127,120,60,58,59,126,306,0,0,0,0,0,0
44,217,208,195,216,194,254,182,221,0,0,0,0,0,0,0
27,292,285,325,322,155,30,0,0,0,0,0,0,0,0,0
206,145,187,193,268,135,199,188,266,269,200,0,0,0,0,0
233,147,131,229,202,293,203,231,151,0,0,0,0,0,0,0
168,171,37,65,38,70,40,167,0,0,0,0,0,0,0,0
212,39,142,151,152,0,0,0,0,0,0,0,0,0,0,0
134,249,146,260,298,254,113,0,0,0,0,0,0,0,0,0
231,232,233,194,278,1,16,0,0,0,0,0,0,0,0,0
185,89,6,193,158,0,0,0,0,0,0,0,0,0,0,0
297,319,289,321,325,0,0,0,0,0,0,0,0,0,0,0
220,211,217,0,0,0,0,0,0,0,0,0,0,0,0,0
127,129,50,140,0,0,0,0,0,0,0,0,0,0,0,0
99,257,250,0,0,0,0,0,0,0,0,0,0,0,0,0
306,167,43,308,304,66,0,0,0,0,0,0,0,0,0,0
203,266,268,0,0,0,0,0,0,0,0,0,0,0,0,0
284,292,178,135,0,0,0,0,0,0,0,0,0,0,0,0
222,201,224,143,219,213,0,0,0,0,0,0,0,0,0,0
100,117,251,66,0,0,0,0,0,0,0,0,0,0,0,0
197,203,102,118,111,74,158,202,116,0,0,0,0,0,0,0
190,220,166,45,187,222,0,0,0,0,0,0,0,0,0,0
168,253,174,52,51,171,50,180,46,0,0,0,0,0,0,0
189,209,256,185,277,270,273,258,211,0,0,0,0,0,0,0
170,175,224,53,219,0,0,0,0,0,0,0,0,0,0,0
37,200,25,199,0,0,0,0,0,0,0,0,0,0,0,0
269,267,265,146,135,238,266,324,0,0,0,0,0,0,0,0
233,34,60,58,0,0,0,0,0,0,0,0,0,0,0,0
307,11,5,304,186,0,0,0,0,0,0,0,0,0,0,0
291,1,178,301,294,10,271,176,279,285,0,0,0,0,0,0
31,21,138,132,148,144,104,0,0,0,0,0,0,0,0,0
200,86,175,298,202,0,0,0,0,0,0,0,0,0,0,0
42,188,299,48,296,11,287,0,0,0,0,0,0,0,0,0
128,141,129,140,135,103,143,105,0,0,0,0,0,0,0,0
65,184,68,268,7,67,267,0,0,0,0,0,0,0,0,0
263,218,219,247,253,220,138,0,0,0,0,0,0,0,0,0
21,144,305,152,303,134,133,0,0,0,0,0,0,0,0,0
322,326,23,40,35,34,36,39,0,0,0,0,0,0,0,0
251,252,28,193,0,0,0,0,0,0,0,0,0,0,0,0
22,25,289,1,32,290,10,0,0,0,0,0,0,0,0,0
261,155,108,250,0,0,0,0,0,0,0,0,0,0,0,0
122,88,92,74,0,0,0,0,0,0,0,0,0,0,0,0
229,232,106,233,292,0,0,0,0,0,0,0,0,0,0,0
232,206,157,0,0,0,0,0,0,0,0,0,0,0,0,0
49,37,144,0,0,0,0,0,0,0,0,0,0,0,0,0
165,147,33,166,24,175,0,0,0,0,0,0,0,0,0,0
54,82,269,46,268,265,235,267,47,0,0,0,0,0,0,0
194,248,19,30,190,0,0,0,0,0,0,0,0,0,0,0
127,66,121,91,128,0,0,0,0,0,0,0,0,0,0,0
29,58,319,13,61,0,0,0,0,0,0,0,0,0,0,0
188,20,171,32,189,193,177,0,0,0,0,0,0,0,0,0
298,209,104,292,234,0,0,0,0,0,0,0,0,0,0,0
187,307,304,208,0,0,0,0,0,0,0,0,0,0,0,0
212,211,214,137,147,0,0,0,0,0,0,0,0,0,0,0
142,150,133,146,202,197,201,66,63,67,0,0,0,0,0,0
20,179,26,47,289,43,176,180,24,172,29,55,0,0,0,0
143,117,152,182,258,185,97,118,257,0,0,0,0,0,0,0
31,229,260,252,232,264,271,249,18,22,273,275,0,0,0,0
277,272,248,319,322,23,262,0,0,0,0,0,0,0,0,0
268,86,265,90,269,123,85,82,0,0,0,0,0,0,0,0
292,296,115,167,203,206,0,0,0,0,0,0,0,0,0,0
298,77,127,73,293,27,0,0,0,0,0,0,0,0,0,0
263,217,170,253,49,251,168,0,0,0,0,0,0,0,0,0
162,245,304,41,40,305,0,0,0,0,0,0,0,0,0,0
306,74,27,73,304,0,0,0,0,0,0,0,0,0,0,0
142,301,298,278,287,0,0,0,0,0,0,0,0,0,0,0
57,173,60,172,115,274,0,0,0,0,0,0,0,0,0,0
240,182,242,0,0,0,0,0,0,0,0,0,0,0,0,0
196,199,24,9,0,0,0,0,0,0,0,0,0,0,0,0
221,321,213,0,0,0,0,0,0,0,0,0,0,0,0,0
235,124,64,125,0,0,0,0,0,0,0,0,0,0,0,0
25,48,47,0,0,0,0,0,0,0,0,0,0,0,0,0
247,176,261,248,143,167,97,0,0,0,0,0,0,0,0,0
155,104,162,295,158,0,0,0,0,0,0,0,0,0,0,0
203,177,201,169,208,218,8,0,0,0,0,0,0,0,0,0
83,20,99,19,191,183,0,0,0,0,0,0,0,0,0,0
143,268,0,0,0,0,0,0,0,0,0,0,0,0,0,0
269,277,278,268,0,0,0,0,0,0,0,0,0,0,0,0
12,256,247,167,258,261,138,149,142,15,181,0,0,0,0,0
304,73,306,307,126,222,209,127,211,217,130,128,75,0,0,0
136,131,64,0,0,0,0,0,0,0,0,0,0,0,0,0
103,272,201,18,275,31,206,197,24,109,271,20,0,0,0,0
30,81,32,97,0,0,0,0,0,0,0,0,0,0,0,0
326,104,40,91,38,116,321,39,87,92,111,107,322,37,88,0
251,173,178,47,260,248,52,259,22,0,0,0,0,0,0,0
237,133,242,184,190,189,10,4,11,144,195,141,0,0,0,0
279,74,306,70,274,276,273,308,305,0,0,0,0,0,0,0
31,300,9,23,4,8,0,0,0,0,0,0,0,0,0,0
83,18,26,139,24,82,0,0,0,0,0,0,0,0,0,0
291,288,97,240,30,298,235,0,0,0,0,0,0,0,0,0
91,200,93,206,90,199,0,0,0,0,0,0,0,0,0,0
168,175,7,255,15,0,0,0,0,0,0,0,0,0,0,0
40,146,135,41,150,0,0,0,0,0,0,0,0,0,0,0
25,237,231,19,43,52,20,32,241,245,0,0,0,0,0,0
128,178,130,0,0,0,0,0,0,0,0,0,0,0,0,0
14,53,202,50,203,49,42,0,0,0,0,0,0,0,0,0
158,266,325,324,268,0,0,0,0,0,0,0,0,0,0,0
64,292,301,68,0,0,0,0,0,0,0,0,0,0,0,0
271,55,186,265,47,266,193,52,267,42,268,272,0,0,0,0
246,324,187,322,319,241,58,238,234,0,0,0,0,0,0,0
7,220,213,233,81,229,222,12,0,0,0,0,0,0,0,0
166,276,256,278,254,277,171,169,174,264,0,0,0,0,0,0
180,44,128,43,173,49,129,235,50,240,172,126,0,0,0,0
248,262,115,177,167,117,247,103,11,253,0,0,0,0,0,0
252,195,8,194,19,22,255,185,16,250,34,4,32,13,0,0
206,176,158,143,197,178,146,168,155,203,154,170,200,136,162,0
46,120,39,38,48,35,122,37,66,65,0,0,0,0,0,0
284,33,132,137,293,144,131,287,25,298,0,0,0,0,0,0
3,78,101,209,107,219,75,1,76,105,212,211,0,0,0,0
224,308,118,216,202,104,113,306,303,114,307,208,0,0,0,0
184,40,15,7,102,99,36,37,35,16,0,0,0,0,0,0
291,154,293,162,89,87,93,285,80,88,290,157,83,0,0,0
234,125,206,110,122,203,241,100,107,200,0,0,0,0,0,0
294,232,141,46,233,231,143,229,135,0,0,0,0,0,0,0
299,97,175,292,108,168,167,114,279,165,0,0,0,0,0,0
48,287,13,60,2,298,3,9,0,0,0,0,0,0,0,0
76,134,131,319,326,140,325,324,246,242,78,75,146,0,0,0
216,214,211,152,138,219,148,29,26,202,199,197,0,0,0,0
249,45,303,33,42,304,49,264,306,308,0,0,0,0,0,0
262,129,218,224,183,255,130,212,213,185,254,248,126,0,0,0
104,133,222,190,147,193,118,220,195,191,113,217,145,208,0,0
70,255,0,0,0,0,0,0,0,0,0,0,0,0,0,0
253,132,0,0,0,0,0,0,0,0,0,0,0,0,0,0
33,20,24,0,0,0,0,0,0,0,0,0,0,0,0,0
268,233,267,0,0,0,0,0,0,0,0,0,0,0,0,0
293,176,0,0,0,0,0,0,0,0,0,0,0,0,0,0
11,15,7,92,0,0,0,0,0,0,0,0,0,0,0,0
180,108,140,0,0,0,0,0,0,0,0,0,0,0,0,0
252,238,40,37,262,251,36,38,0,0,0,0,0,0,0,0
279,261,278,271,280,254,0,0,0,0,0,0,0,0,0,0
130,201,0,0,0,0,0,0,0,0,0,0,0,0,0,0
7,252,18,140,255,136,0,0,0,0,0,0,0,0,0,0
115,176,112,75,105,174,180,103,172,76,78,0,0,0,0,0
130,88,127,91,93,305,128,307,0,0,0,0,0,0,0,0
267,63,268,241,266,238,269,66,237,235,0,0,0,0,0,0
189,186,54,211,219,208,0,0,0,0,0,0,0,0,0,0
294,214,224,297,41,222,216,85,39,0,0,0,0,0,0,0
185,191,187,274,190,284,296,270,293,234,0,0,0,0,0,0
53,11,168,13,260,17,181,179,16,166,47,0,0,0,0,0
175,171,158,254,193,170,173,257,0,0,0,0,0,0,0,0
169,178,177,165,233,0,0,0,0,0,0,0,0,0,0,0
104,107,272,114,100,0,0,0,0,0,0,0,0,0,0,0
288,292,25,117,116,22,99,0,0,0,0,0,0,0,0,0
259,255,224,212,4,250,6,242,240,234,246,0,0,0,0,0
199,87,200,278,85,81,271,0,0,0,0,0,0,0,0,0
288,109,241,287,76,237,74,75,0,0,0,0,0,0,0,0
290,53,42,55,19,33,0,0,0,0,0,0,0,0,0,0
136,138,2,326,32,0,0,0,0,0,0,0,0,0,0,0
23,299,292,173,14,289,22,9,31,176,18,0,0,0,0,0
254,268,274,167,179,175,269,262,0,0,0,0,0,0,0,0
127,126,128,107,104,264,0,0,0,0,0,0,0,0,0,0
229,196,97,114,202,113,206,0,0,0,0,0,0,0,0,0
7,15,162,13,263,58,248,158,61,3,0,0,0,0,0,0
188,305,185,182,220,213,191,0,0,0,0,0,0,0,0,0
11,245,16,151,219,220,240,152,234,143,208,0,0,0,0,0
307,266,269,267,306,0,0,0,0,0,0,0,0,0,0,0
103,254,47,257,51,262,100,0,0,0,0,0,0,0,0,0
224,277,168,181,273,261,169,256,174,218,0,0,0,0,0,0
286,197,28,290,206,24,203,293,90,285,0,0,0,0,0,0
172,179,195,187,123,299,295,188,0,0,0,0,0,0,0,0
149,78,23,321,131,73,25,29,146,136,0,0,0,0,0,0
267,269,108,229,289,104,231,265,268,0,0,0,0,0,0,0
201,325,149,319,118,324,117,203,148,133,105,0,0,0,0,0
84,208,168,256,82,166,211,217,0,0,0,0,0,0,0,0
1,5,42,17,9,0,0,0,0,0,0,0,0,0,0,0
193,110,135,302,291,299,0,0,0,0,0,0,0,0,0,0
53,308,52,306,122,119,305,0,0,0,0,0,0,0,0,0
155,130,0,0,0,0,0,0,0,0,0,0,0,0,0,0
86,274,185,268,265,267,266,84,184,0,0,0,0,0,0,0
325,135,252,50,133,319,326,258,0,0,0,0,0,0,0,0
23,142,147,262,150,0,0,0,0,0,0,0,0,0,0,0
58,111,155,257,107,158,59,251,0,0,0,0,0,0,0,0
13,206,151,200,137,32,30,199,0,0,0,0,0,0,0,0
201,197,78,77,196,273,271,272,216,76,280,75,0,0,0,0
211,18,21,255,259,172,217,181,27,176,24,208,167,0,0,0
88,245,234,124,120,5,235,12,91,4,0,0,0,0,0,0
300,2,8,11,194,297,165,16,188,179,191,287,0,0,0,0
286,3,15,294,67,238,63,290,66,64,237,0,0,0,0,0
146,232,229,233,231,144,138,0,0,0,0,0,0,0,0,0
6,113,106,111,116,289,284,229,0,0,0,0,0,0,0,0
111,255,202,103,258,206,248,0,0,0,0,0,0,0,0,0
256,261,98,44,169,170,175,108,97,0,0,0,0,0,0,0
325,177,326,270,174,0,0,0,0,0,0,0,0,0,0,0
303,118,285,110,288,200,203,101,304,102,298,308,0,0,0,0
297,192,183,30,148,146,27,138,189,0,0,0,0,0,0,0
268,229,267,233,11,83,231,0,0,0,0,0,0,0,0,0
272,208,217,128,0,0,0,0,0,0,0,0,0,0,0,0
68,75,64,181,178,167,166,0,0,0,0,0,0,0,0,0
289,302,116,45,113,0,0,0,0,0,0,0,0,0,0,0
123,122,28,218,213,124,119,0,0,0,0,0,0,0,0,0
117,112,25,221,235,19,106,0,0,0,0,0,0,0,0,0
35,87,165,6,36,7,2,14,179,0,0,0,0,0,0,0
278,183,190,194,277,229,231,233,232,66,276,0,0,0,0,0
185,73,92,93,284,285,191,74,76,186,0,0,0,0,0,0
308,175,174,305,306,146,166,141,127,172,129,0,0,0,0,0
321,58,57,218,86,319,62,219,0,0,0,0,0,0,0,0
20,184,21,187,214,208,255,248,0,0,0,0,0,0,0,0
40,9,131,137,36,38,260,41,143,147,0,0,0,0,0,0
240,298,179,158,241,162,157,169,246,302,245,0,0,0,0,0
265,122,10,268,267,237,238,0,0,0,0,0,0,0,0,0
144,142,149,28,18,291,33,150,0,0,0,0,0,0,0,0
49,114,101,170,47,178,261,103,42,250,106,0,0,0,0,0
249,254,213,297,287,280,211,299,212,252,296,271,274,216,0,0
241,59,0,0,0,0,0,0,0,0,0,0,0,0,0,0
209,151,100,212,42,107,147,143,150,221,0,0,0,0,0,0
44,233,254,52,231,51,229,232,43,0,0,0,0,0,0,0
265,266,220,267,325,319,211,84,269,85,324,0,0,0,0,0
63,253,304,237,64,66,65,0,0,0,0,0,0,0,0,0
302,113,103,41,121,110,0,0,0,0,0,0,0,0,0,0
112,196,201,206,3,98,13,191,111,0,0,0,0,0,0,0
12,141,140,170,165,11,179,0,0,0,0,0,0,0,0,0
74,56,59,77,118,0,0,0,0,0,0,0,0,0,0,0
6,28,285,10,288,24,29,131,0,0,0,0,0,0,0,0
128,127,129,202,88,93,90,130,245,91,0,0,0,0,0,0
277,26,115,247,104,260,263,274,262,0,0,0,0,0,0,0
184,271,224,257,272,270,276,0,0,0,0,0,0,0,0,0
88,251,263,258,212,222,217,197,202,0,0,0,0,0,0,0
27,52,186,172,195,26,33,177,43,0,0,0,0,0,0,0
252,248,213,84,136,214,224,216,132,0,0,0,0,0,0,0
295,287,292,22,298,246,18,73,245,0,0,0,0,0,0,0
305,303,270,134,308,0,0,0,0,0,0,0,0,0,0,0
262,264,250,256,190,0,0,0,0,0,0,0,0,0,0,0
269,267,232,183,185,266,268,233,0,0,0,0,0,0,0,0
260,180,28,0,0,0,0,0,0,0,0,0,0,0,0,0
149,162,150,158,66,13,0,0,0,0,0,0,0,0,0,0
140,128,47,104,103,129,0,0,0,0,0,0,0,0,0,0
319,196,200,109,241,199,203,0,0,0,0,0,0,0,0,0
138,290,41,144,133,25,148,291,0,0,0,0,0,0,0,0
154,161,103,0,0,0,0,0,0,0,0,0,0,0,0,0
325,326,324,322,0,0,0,0,0,0,0,0,0,0,0,0
291,285,211,0,0,0,0,0,0,0,0,0,0,0,0,0
111,32,43,104,20,113,234,49,235,28,0,0,0,0,0,0
245,53,98,0,0,0,0,0,0,0,0,0,0,0,0,0
88,92,288,299,292,93,87,0,0,0,0,0,0,0,0,0
22,220,24,218,0,0,0,0,0,0,0,0,0,0,0,0
34,70,209,78,73,263,252,219,0,0,0,0,0,0,0,0
174,175,200,178,308,305,280,197,202,306,0,0,0,0,0,0
166,165,177,169,64,0,0,0,0,0,0,0,0,0,0,0
265,293,201,268,297,152,0,0,0,0,0,0,0,0,0,0
260,262,107,255,11,259,0,0,0,0,0,0,0,0,0,0
119,125,0,0,0,0,0,0,0,0,0,0,0,0,0,0
202,111,18,101,24,0,0,0,0,0,0,0,0,0,0,0
186,272,212,242,189,241,185,0,0,0,0,0,0,0,0,0
233,231,142,182,232,130,151,0,0,0,0,0,0,0,0,0
183,48,190,52,196,254,257,199,203,263,251,0,0,0,0,0
252,11,167,174,255,170,169,259,6,238,0,0,0,0,0,0
268,303,305,266,113,304,54,115,107,99,0,0,0,0,0,0
50,43,34,16,13,49,28,140,0,0,0,0,0,0,0,0
40,302,38,39,41,124,0,0,0,0,0,0,0,0,0,0
22,86,158,0,0,0,0,0,0,0,0,0,0,0,0,0
75,250,290,261,0,0,0,0,0,0,0,0,0,0,0,0
19,1,300,20,12,29,137,0,0,0,0,0,0,0,0,0
138,152,59,325,326,143,0,0,0,0,0,0,0,0,0,0
44,143,120,140,138,28,22,119,0,0,0,0,0,0,0,0
189,277,17,192,273,193,184,0,0,0,0,0,0,0,0,0
20,29,63,113,217,64,0,0,0,0,0,0,0,0,0,0
263,8,221,211,232,14,252,233,256,209,231,0,0,0,0,0
265,7,267,3,268,108,269,115,5,0,0,0,0,0,0,0
296,35,15,2,197,37,300,0,0,0,0,0,0,0,0,0
294,170,248,254,165,0,0,0,0,0,0,0,0,0,0,0
240,234,103,181,235,178,177,167,0,0,0,0,0,0,0,0
80,322,325,303,275,272,324,274,304,0,0,0,0,0,0,0
284,290,200,285,24,106,202,201,288,0,0,0,0,0,0,0
245,18,128,34,237,126,129,87,33,0,0,0,0,0,0,0
293,101,97,112,169,114,54,179,292,0,0,0,0,0,0,0
261,253,52,263,257,0,0,0,0,0,0,0,0,0,0,0
308,222,307,306,209,0,0,0,0,0,0,0,0,0,0,0
290,288,325,0,0,0,0,0,0,0,0,0,0,0,0,0
224,256,247,260,248,24,211,214,0,0,0,0,0,0,0,0
12,171,169,249,2,0,0,0,0,0,0,0,0,0,0,0
128,254,255,130,259,0,0,0,0,0,0,0,0,0,0,0
218,269,265,13,268,208,14,0,0,0,0,0,0,0,0,0
133,152,37,19,27,0,0,0,0,0,0,0,0,0,0,0
182,183,196,66,0,0,0,0,0,0,0,0,0,0,0,0
229,284,192,302,0,0,0,0,0,0,0,0,0,0,0,0
190,48,203,271,195,0,0,0,0,0,0,0,0,0,0,0
296,81,279,285,86,84,83,294,0,0,0,0,0,0,0,0
35,107,8,102,34,5,0,0,0,0,0,0,0,0,0,0
232,241,229,119,235,125,231,186,0,0,0,0,0,0,0,0
6,136,247,250,111,106,255,7,142,152,0,0,0,0,0,0
269,81,54,217,268,214,48,52,83,219,266,220,0,0,0,0
322,76,221,75,321,277,77,78,319,325,209,0,0,0,0,0
286,287,301,20,144,58,150,149,0,0,0,0,0,0,0,0
289,296,284,147,177,117,0,0,0,0,0,0,0,0,0,0
200,288,28,24,45,201,46,294,0,0,0,0,0,0,0,0
189,90,88,190,55,192,44,0,0,0,0,0,0,0,0,0
187,66,308,65,306,195,305,0,0,0,0,0,0,0,0,0
155,272,157,129,127,211,0,0,0,0,0,0,0,0,0,0
99,300,32,29,291,299,30,295,206,0,0,0,0,0,0,0
180,116,7,0,0,0,0,0,0,0,0,0,0,0,0,0
177,134,24,1,166,0,0,0,0,0,0,0,0,0,0,0
68,39,36,26,42,40,41,0,0,0,0,0,0,0,0,0
133,144,305,303,183,307,139,0,0,0,0,0,0,0,0,0
149,286,255,197,200,263,299,150,0,0,0,0,0,0,0,0
319,173,273,325,326,53,0,0,0,0,0,0,0,0,0,0
189,54,49,45,0,0,0,0,0,0,0,0,0,0,0,0
162,154,277,279,57,294,276,0,0,0,0,0,0,0,0,0
220,196,211,200,32,20,2,13,33,0,0,0,0,0,0,0
18,293,40,291,19,37,29,26,296,0,0,0,0,0,0,0
3,149,139,6,11,147,111,262,252,0,0,0,0,0,0,0
180,88,92,44,51,242,235,90,54,176,47,0,0,0,0,0
52,325,128,130,126,326,127,66,0,0,0,0,0,0,0,0
173,172,267,217,177,132,148,212,145,265,219,269,268,0,0,0
80,84,82,213,257,216,75,74,250,86,222,78,261,0,0,0
22,28,23,179,166,285,167,120,290,119,299,0,0,0,0,0
300,305,21,25,304,31,171,295,27,181,169,306,303,0,0,0
131,231,232,138,100,135,143,116,99,17,106,0,0,0,0,0
197,237,9,203,15,5,270,201,245,278,240,274,0,0,0,0
169,13,104,0,0,0,0,0,0,0,0,0,0,0,0,0
240,237,49,0,0,0,0,0,0,0,0,0,0,0,0,0
190,294,0,0,0,0,0,0,0,0,0,0,0,0,0,0
151,181,251,142,259,117,0,0,0,0,0,0,0,0,0,0
17,16,27,0,0,0,0,0,0,0,0,0,0,0,0,0
83,202,199,265,278,268,0,0,0,0,0,0,0,0,0,0
127,61,201,59,196,206,0,0,0,0,0,0,0,0,0,0
165,216,54,224,42,46,241,176,246,174,238,0,0,0,0,0
306,202,75,70,307,233,229,197,78,232,0,0,0,0,0,0
117,297,292,52,145,296,287,48,135,0,0,0,0,0,0,0
126,267,268,269,129,188,184,130,127,182,30,0,0,0,0,0
134,180,110,175,217,170,144,0,0,0,0,0,0,0,0,0
157,161,172,178,154,151,162,181,58,62,0,0,0,0,0,0
289,250,256,299,17,191,190,295,5,291,11,2,0,0,0,0
206,254,260,6,252,200,251,0,0,0,0,0,0,0,0,0
106,189,124,123,10,99,13,122,120,192,0,0,0,0,0,0
240,139,245,102,132,264,146,248,235,0,0,0,0,0,0,0
171,105,100,278,166,177,279,107,273,168,0,0,0,0,0,0
47,90,91,49,152,43,80,0,0,0,0,0,0,0,0,0
81,189,289,291,83,183,195,294,192,84,0,0,0,0,0,0
41,38,306,262,304,107,35,303,308,255,106,99,249,0,0,0
43,177,114,165,196,166,109,200,98,206,53,51,0,0,0,0
301,111,248,260,263,258,49,47,101,0,0,0,0,0,0,0
186,12,197,4,201,122,193,190,121,120,119,0,0,0,0,0
115,264,167,113,259,118,251,50,261,0,0,0,0,0,0,0
245,234,89,23,20,91,93,88,103,0,0,0,0,0,0,0
216,326,321,25,224,27,324,220,267,218,0,0,0,0,0,0
128,126,293,129,286,59,130,0,0,0,0,0,0,0,0,0
136,222,213,257,151,137,253,134,0,0,0,0,0,0,0,0
232,187,182,184,271,274,233,0,0,0,0,0,0,0,0,0
162,77,74,158,214,73,78,219,154,217,0,0,0,0,0,0
116,289,134,301,139,47,111,50,0,0,0,0,0,0,0,0
169,172,250,179,170,0,0,0,0,0,0,0,0,0,0,0
34,92,166,0,0,0,0,0,0,0,0,0,0,0,0,0
267,269,52,49,265,0,0,0,0,0,0,0,0,0,0,0
43,186,197,286,199,0,0,0,0,0,0,0,0,0,0,0
324,75,246,0,0,0,0,0,0,0,0,0,0,0,0,0
232,229,201,200,188,158,202,231,203,233,0,0,0,0,0,0
33,40,35,36,305,0,0,0,0,0,0,0,0,0,0,0
20,211,127,263,0,0,0,0,0,0,0,0,0,0,0,0
36,241,172,35,40,176,208,218,41,224,0,0,0,0,0,0
268,15,16,290,130,129,8,298,288,127,0,0,0,0,0,0
248,103,83,194,99,100,256,81,184,0,0,0,0,0,0,0
258,2,203,196,180,200,13,169,168,0,0,0,0,0,0,0
189,88,190,306,89,307,305,132,90,308,0,0,0,0,0,0
119,12,144,133,124,151,136,167,165,122,120,0,0,0,0,0
181,148,145,146,245,246,135,0,0,0,0,0,0,0,0,0
280,195,65,101,97,66,272,273,275,0,0,0,0,0,0,0
197,20,110,50,18,111,199,43,107,25,47,26,0,0,0,0
54,279,9,76,4,42,11,277,52,0,0,0,0,0,0,0
76,47,110,140,135,0,0,0,0,0,0,0,0,0,0,0
126,129,98,127,306,130,308,0,0,0,0,0,0,0,0,0
154,271,200,7,278,155,202,203,0,0,0,0,0,0,0,0
178,165,289,290,34,292,32,27,238,176,179,0,0,0,0,0
23,43,66,63,49,209,221,0,0,0,0,0,0,0,0,0
114,30,24,138,20,109,148,150,249,112,144,0,0,0,0,0
83,84,170,172,171,197,201,166,81,188,0,0,0,0,0,0
99,302,108,222,216,275,106,274,272,211,0,0,0,0,0,0
254,93,325,324,60,321,322,88,59,0,0,0,0,0,0,0
184,229,247,258,252,220,217,0,0,0,0,0,0,0,0,0
45,48,242,286,245,291,55,0,0,0,0,0,0,0,0,0
268,265,269,116,36,117,107,37,0,0,0,0,0,0,0,0
237,287,299,50,0,0,0,0,0,0,0,0,0,0,0,0
246,106,260,110,93,242,251,264,88,92,105,90,252,0,0,0
240,201,115,245,104,61,202,197,0,0,0,0,0,0,0,0
26,17,151,299,29,27,150,13,139,143,0,0,0,0,0,0
142,238,145,55,50,235,44,0,0,0,0,0,0,0,0,0
294,140,259,302,189,152,258,255,253,285,146,288,0,0,0,0
181,322,144,203,175,319,133,321,178,0,0,0,0,0,0,0
137,134,98,78,76,122,0,0,0,0,0,0,0,0,0,0
213,224,296,222,219,279,250,301,0,0,0,0,0,0,0,0
82,86,232,101,231,108,85,280,0,0,0,0,0,0,0,0
7,157,24,9,154,155,43,14,0,0,0,0,0,0,0,0
109,298,66,110,290,67,97,306,303,304,0,0,0,0,0,0
216,193,38,39,23,211,36,18,31,0,0,0,0,0,0,0
6,196,9,16,0,0,0,0,0,0,0,0,0,0,0,0
11,84,190,14,240,7,238,0,0,0,0,0,0,0,0,0
30,22,100,166,250,102,21,108,171,0,0,0,0,0,0,0
289,181,2,174,8,4,20,169,0,0,0,0,0,0,0,0
90,242,87,200,246,0,0,0,0,0,0,0,0,0,0,0
286,254,268,265,296,217,247,269,260,264,224,288,267,0,0,0
78,258,253,263,127,126,130,248,128,0,0,0,0,0,0,0
261,53,231,171,252,233,254,257,0,0,0,0,0,0,0,0
73,302,245,235,0,0,0,0,0,0,0,0,0,0,0,0
192,193,212,0,0,0,0,0,0,0,0,0,0,0,0,0
200,322,196,220,202,0,0,0,0,0,0,0,0,0,0,0
24,27,99,98,0,0,0,0,0,0,0,0,0,0,0,0
168,165,181,175,0,0,0,0,0,0,0,0,0,0,0,0
36,37,52,88,53,189,93,43,40,190,0,0,0,0,0,0
293,143,294,303,240,242,238,304,237,291,286,305,0,0,0,0
171,233,231,229,232,101,117,170,0,0,0,0,0,0,0,0
253,168,28,256,264,165,179,103,178,0,0,0,0,0,0,0
63,325,66,246,326,234,68,187,64,186,0,0,0,0,0,0
206,203,301,289,196,155,197,298,296,116,0,0,0,0,0,0
211,167,119,124,84,175,181,120,121,166,214,0,0,0,0,0
213,218,129,127,217,208,75,200,126,202,76,73,0,0,0,0
135,284,287,254,258,26,255,29,0,0,0,0,0,0,0,0
286,49,13,43,200,201,10,8,287,48,0,0,0,0,0,0
264,170,150,104,252,111,256,180,0,0,0,0,0,0,0,0
218,220,162,233,231,132,217,232,229,144,0,0,0,0,0,0
280,140,255,110,262,249,137,143,250,109,0,0,0,0,0,0
107,248,257,100,24,97,31,184,188,0,0,0,0,0,0,0
16,37,15,35,0,0,0,0,0,0,0,0,0,0,0,0
91,238,181,290,234,165,299,172,0,0,0,0,0,0,0,0
57,237,224,62,44,216,219,221,53,0,0,0,0,0,0,0
203,267,269,324,285,302,0,0,0,0,0,0,0,0,0,0
173,212,171,17,5,211,167,2,0,0,0,0,0,0,0,0
139,302,16,295,144,187,288,13,0,0,0,0,0,0,0,0
325,319,280,272,266,267,24,277,326,0,0,0,0,0,0,0
199,211,101,137,209,142,213,143,0,0,0,0,0,0,0,0
238,182,235,92,93,188,89,208,91,0,0,0,0,0,0,0
40,106,177,100,29,37,39,105,181,0,0,0,0,0,0,0
46,168,178,45,44,22,233,18,52,180,231,0,0,0,0,0
203,242,237,2,12,240,0,0,0,0,0,0,0,0,0,0
60,305,99,170,58,303,175,116,0,0,0,0,0,0,0,0
128,98,129,124,130,67,0,0,0,0,0,0,0,0,0,0
172,54,42,11,179,10,167,224,166,15,0,0,0,0,0,0
48,5,32,85,34,49,4,30,17,0,0,0,0,0,0,0
73,104,278,0,0,0,0,0,0,0,0,0,0,0,0,0
326,197,29,24,147,134,325,0,0,0,0,0,0,0,0,0
254,27,23,286,46,249,0,0,0,0,0,0,0,0,0,0
84,162,55,86,9,83,11,154,0,0,0,0,0,0,0,0
14,4,140,245,235,246,5,0,0,0,0,0,0,0,0,0
265,269,59,268,200,267,56,0,0,0,0,0,0,0,0,0
250,255,114,274,257,0,0,0,0,0,0,0,0,0,0,0
170,37,179,51,253,39,43,54,180,50,174,38,248,0,0,0
108,240,241,234,291,3,103,238,0,0,0,0,0,0,0,0
43,52,218,46,188,140,55,0,0,0,0,0,0,0,0,0
25,31,224,0,0,0,0,0,0,0,0,0,0,0,0,0
148,176,0,0,0,0,0,0,0,0,0,0,0,0,0,0
197,9,185,0,0,0,0,0,0,0,0,0,0,0,0,0
34,167,37,15,0,0,0,0,0,0,0,0,0,0,0,0
302,51,88,0,0,0,0,0,0,0,0,0,0,0,0,0
50,262,23,13,49,1,16,48,47,0,0,0,0,0,0,0
161,144,157,246,7,145,0,0,0,0,0,0,0,0,0,0
229,211,219,80,268,231,0,0,0,0,0,0,0,0,0,0
67,290,299,274,63,59,68,65,297,0,0,0,0,0,0,0
200,303,277,251,203,259,0,0,0,0,0,0,0,0,0,0
122,194,319,170,0,0,0,0,0,0,0,0,0,0,0,0
172,152,143,171,251,261,297,136,0,0,0,0,0,0,0,0
289,294,29,76,31,84,287,291,0,0,0,0,0,0,0,0
38,319,324,308,36,0,0,0,0,0,0,0,0,0,0,0
181,220,169,177,134,143,142,0,0,0,0,0,0,0,0,0
87,154,158,0,0,0,0,0,0,0,0,0,0,0,0,0
44,49,43,54,249,261,247,242,0,0,0,0,0,0,0,0
251,255,256,0,0,0,0,0,0,0,0,0,0,0,0,0
100,292,252,113,170,0,0,0,0,0,0,0,0,0,0,0
174,167,111,175,139,116,151,99,0,0,0,0,0,0,0,0
27,191,194,189,0,0,0,0,0,0,0,0,0,0,0,0
98,115,46,241,234,52,109,0,0,0,0,0,0,0,0,0
266,200,218,265,209,124,268,203,213,269,0,0,0,0,0,0
231,301,30,232,19,34,229,165,24,233,286,0,0,0,0,0
295,59,260,16,6,4,259,285,257,0,0,0,0,0,0,0
130,101,249,0,0,0,0,0,0,0,0,0,0,0,0,0
58,202,200,199,203,209,56,0,0,0,0,0,0,0,0,0
68,146,65,0,0,0,0,0,0,0,0,0,0,0,0,0
168,122,0,0,0,0,0,0,0,0,0,0,0,0,0,0
117,145,97,100,116,23,0,0,0,0,0,0,0,0,0,0
235,114,241,319,104,201,197,246,326,0,0,0,0,0,0,0
180,165,20,103,174,185,27,0,0,0,0,0,0,0,0,0
233,269,3,267,234,13,265,0,0,0,0,0,0,0,0,0
29,30,34,178,172,0,0,0,0,0,0,0,0,0,0,0
49,224,222,193,0,0,0,0,0,0,0,0,0,0,0,0
44,36,47,48,303,0,0,0,0,0,0,0,0,0,0,0
252,245,234,0,0,0,0,0,0,0,0,0,0,0,0,0
176,253,173,0,0,0,0,0,0,0,0,0,0,0,0,0
325,319,297,301,158,0,0,0,0,0,0,0,0,0,0,0
10,182,231,229,193,0,0,0,0,0,0,0,0,0,0,0
50,53,48,15,87,17,55,11,0,0,0,0,0,0,0,0
267,269,246,266,265,0,0,0,0,0,0,0,0,0,0,0
186,4,3,249,0,0,0,0,0,0,0,0,0,0,0,0
123,142,120,119,125,206,0,0,0,0,0,0,0,0,0,0
14,28,19,8,224,0,0,0,0,0,0,0,0,0,0,0
216,105,20,32,117,211,220,29,0,0,0,0,0,0,0,0
75,199,134,144,0,0,0,0,0,0,0,0,0,0,0,0
118,136,49,63,150,0,0,0,0,0,0,0,0,0,0,0
267,50,181,266,170,172,265,0,0,0,0,0,0,0,0,0
11,25,3,2,271,245,276,0,0,0,0,0,0,0,0,0
235,52,39,262,38,51,49,249,45,234,0,0,0,0,0,0
130,74,113,98,110,128,127,56,77,0,0,0,0,0,0,0
115,219,114,208,214,48,224,203,200,47,54,44,0,0,0,0
254,31,255,187,194,146,191,186,0,0,0,0,0,0,0,0
177,125,122,247,272,258,167,279,280,0,0,0,0,0,0,0
289,176,168,179,143,180,4,134,142,0,0,0,0,0,0,0
222,7,106,216,16,220,197,116,17,0,0,0,0,0,0,0
233,232,303,304,137,308,132,86,151,231,140,0,0,0,0,0
10,166,33,8,24,14,30,26,141,0,0,0,0,0,0,0
64,157,212,162,66,325,217,63,158,321,154,0,0,0,0,0
54,168,287,57,0,0,0,0,0,0,0,0,0,0,0,0
32,166,116,33,180,167,106,181,97,29,105,0,0,0,0,0
324,143,177,0,0,0,0,0,0,0,0,0,0,0,0,0
70,268,75,302,267,300,265,269,0,0,0,0,0,0,0,0
136,188,0,0,0,0,0,0,0,0,0,0,0,0,0,0
111,6,274,140,0,0,0,0,0,0,0,0,0,0,0,0
263,258,98,10,147,1,0,0,0,0,0,0,0,0,0,0
216,29,111,102,98,224,20,253,209,0,0,0,0,0,0,0
19,188,1,33,52,23,3,0,0,0,0,0,0,0,0,0
81,83,80,32,85,273,21,0,0,0,0,0,0,0,0,0
268,250,195,269,189,232,186,185,267,0,0,0,0,0,0,0
277,202,246,203,242,157,0,0,0,0,0,0,0,0,0,0
241,220,114,238,219,100,251,0,0,0,0,0,0,0,0,0
130,179,178,13,128,181,170,0,0,0,0,0,0,0,0,0
97,99,63,43,49,66,89,46,0,0,0,0,0,0,0,0
214,211,222,41,165,285,39,0,0,0,0,0,0,0,0,0
75,302,196,73,206,200,286,0,0,0,0,0,0,0,0,0
51,173,304,305,171,168,177,116,0,0,0,0,0,0,0,0
256,325,248,321,262,263,0,0,0,0,0,0,0,0,0,0
241,64,67,235,246,186,242,0,0,0,0,0,0,0,0,0
325,34,24,140,254,248,148,326,249,264,0,0,0,0,0,0
22,267,268,265,30,105,266,44,103,112,52,0,0,0,0,0
39,17,40,8,23,28,35,1,25,20,0,0,0,0,0,0
82,80,213,58,57,232,217,231,229,220,84,0,0,0,0,0
307,125,158,162,303,154,306,119,308,122,258,0,0,0,0,0
131,104,109,147,262,15,16,133,7,135,11,259,0,0,0,0
190,203,50,183,141,189,191,43,136,54,132,0,0,0,0,0
218,88,129,78,126,130,127,89,74,0,0,0,0,0,0,0
285,102,108,14,146,152,12,300,10,100,143,9,0,0,0,0
209,219,221,245,184,193,194,187,211,252,0,0,0,0,0,0
197,5,200,139,4,144,32,2,199,21,0,0,0,0,0,0
224,211,293,1,202,6,203,4,299,8,294,219,197,0,0,0
93,51,87,88,42,50,18,21,55,32,13,2,0,0,0,0
305,85,240,86,27,245,241,24,0,0,0,0,0,0,0,0
186,185,237,122,232,182,190,0,0,0,0,0,0,0,0,0
201,109,199,200,64,220,67,63,105,196,213,0,0,0,0,0
250,23,107,280,31,25,100,264,0,0,0,0,0,0,0,0
127,321,28,57,29,61,129,0,0,0,0,0,0,0,0,0
131,45,151,284,147,48,52,5,291,286,9,17,288,0,0,0
184,118,117,70,74,73,177,180,0,0,0,0,0,0,0,0
41,99,254,260,36,263,114,38,111,253,0,0,0,0,0,0
158,137,154,266,192,269,146,268,187,265,161,0,0,0,0,0
81,325,245,166,319,178,321,324,181,0,0,0,0,0,0,0
213,249,29,143,222,0,0,0,0,0,0,0,0,0,0,0
19,24,301,0,0,0,0,0,0,0,0,0,0,0,0,0
173,220,1,108,13,221,98,176,0,0,0,0,0,0,0,0
180,261,165,124,179,175,122,289,0,0,0,0,0,0,0,0
202,18,232,60,59,231,203,0,0,0,0,0,0,0,0,0
150,20,28,23,97,257,256,0,0,0,0,0,0,0,0,0
262,169,11,0,0,0,0,0,0,0,0,0,0,0,0,0
14,240,211,10,6,0,0,0,0,0,0,0,0,0,0,0
199,48,52,49,187,44,0,0,0,0,0,0,0,0,0,0
304,303,162,266,308,269,265,0,0,0,0,0,0,0,0,0
302,3,195,188,66,12,68,0,0,0,0,0,0,0,0,0
22,174,201,18,220,221,218,173,199,206,32,224,0,0,0,0
202,247,307,200,149,145,196,138,259,256,135,305,308,250,0,0
114,167,129,128,216,211,97,103,127,178,130,0,0,0,0,0
180,5,181,9,214,112,99,175,169,212,16,8,0,0,0,0
274,261,248,242,271,273,182,255,237,245,252,280,0,0,0,0
34,13,238,23,33,229,25,232,231,235,0,0,0,0,0,0
85,38,82,64,63,80,67,39,50,41,0,0,0,0,0,0
52,44,90,29,91,324,19,321,24,28,89,325,0,0,0,0
76,77,111,155,48,162,117,100,45,116,154,0,0,0,0,0
287,58,290,123,270,278,60,285,119,56,277,0,0,0,0,0
20,186,2,27,108,14,15,3,107,0,0,0,0,0,0,0
115,176,184,267,105,187,191,268,269,179,165,0,0,0,0,0
34,252,202,0,0,0,0,0,0,0,0,0,0,0,0,0
264,35,70,15,74,40,9,7,73,36,37,0,0,0,0,0
181,258,3,145,248,262,261,167,147,0,0,0,0,0,0,0
190,277,273,214,183,211,279,182,212,274,0,0,0,0,0,0
126,305,51,102,130,304,100,0,0,0,0,0,0,0,0,0
220,30,238,246,221,13,25,2,235,18,0,0,0,0,0,0
161,82,266,265,81,268,176,0,0,0,0,0,0,0,0,0
168,232,233,237,240,234,58,0,0,0,0,0,0,0,0,0
192,28,0,0,0,0,0,0,0,0,0,0,0,0,0,0
116,274,0,0,0,0,0,0,0,0,0,0,0,0,0,0
251,108,0,0,0,0,0,0,0,0,0,0,0,0,0,0
85,266,10,303,268,80,307,306,14,265,267,84,86,305,0,0
209,256,105,249,111,211,295,208,222,103,291,262,0,0,0,0
168,279,130,273,284,169,128,298,129,178,290,127,0,0,0,0
319,189,0,0,0,0,0,0,0,0,0,0,0,0,0,0
140,135,251,74,116,78,152,70,255,132,0,0,0,0,0,0
36,202,175,199,325,169,39,319,321,200,324,177,35,0,0,0
293,292,84,302,100,82,102,240,83,0,0,0,0,0,0,0
44,172,139,46,137,48,53,165,133,166,187,0,0,0,0,0
88,297,52,89,129,130,128,126,298,42,285,0,0,0,0,0
267,286,201,268,300,1,289,269,197,5,0,0,0,0,0,0
8,6,170,176,174,59,180,11,65,58,0,0,0,0,0,0
224,211,144,183,194,134,147,191,138,0,0,0,0,0,0,0
306,109,161,28,155,303,308,32,27,107,0,0,0,0,0,0
55,277,49,232,229,234,241,246,231,270,0,0,0,0,0,0
279,212,120,273,222,208,276,219,278,0,0,0,0,0,0,0
184,173,24,259,254,263,193,168,181,248,0,0,0,0,0,0
3,109,111,240,246,14,234,179,175,11,180,0,0,0,0,0
297,17,13,38,302,251,0,0,0,0,0,0,0,0,0,0
124,203,265,271,196,269,275,120,119,266,274,121,0,0,0,0
90,258,50,92,45,88,42,89,78,0,0,0,0,0,0,0
62,99,117,33,278,277,59,57,25,270,21,107,0,0,0,0
185,172,173,168,186,187,133,146,190,177,0,0,0,0,0,0
64,249,66,68,171,178,0,0,0,0,0,0,0,0,0,0
221,135,213,253,216,143,248,214,0,0,0,0,0,0,0,0
308,194,307,162,188,305,0,0,0,0,0,0,0,0,0,0
7,4,298,169,6,291,284,16,181,211,220,0,0,0,0,0
116,85,128,103,134,138,130,127,0,0,0,0,0,0,0,0
245,112,132,118,108,199,237,202,206,200,147,0,0,0,0,0
287,171,293,297,175,34,172,0,0,0,0,0,0,0,0,0
235,291,285,49,0,0,0,0,0,0,0,0,0,0,0,0
250,66,114,263,0,0,0,0,0,0,0,0,0,0,0,0
245,142,48,0,0,0,0,0,0,0,0,0,0,0,0,0
88,92,203,155,196,93,200,201,162,294,157,0,0,0,0,0
319,321,322,213,326,211,0,0,0,0,0,0,0,0,0,0
1,249,262,248,6,28,194,10,13,261,0,0,0,0,0,0
76,247,7,259,140,254,12,252,0,0,0,0,0,0,0,0
39,38,74,80,158,161,37,77,83,0,0,0,0,0,0,0
7,168,203,12,174,24,0,0,0,0,0,0,0,0,0,0
212,63,248,116,0,0,0,0,0,0,0,0,0,0,0,0
129,245,126,0,0,0,0,0,0,0,0,0,0,0,0,0
170,173,133,267,148,142,171,288,146,287,269,0,0,0,0,0
246,258,220,101,253,241,242,251,0,0,0,0,0,0,0,0
175,167,275,197,199,196,54,270,201,48,177,0,0,0,0,0
3,186,271,250,0,0,0,0,0,0,0,0,0,0,0,0
120,254,321,319,0,0,0,0,0,0,0,0,0,0,0,0
221,209,53,144,49,213,50,44,152,217,0,0,0,0,0,0
16,297,15,108,4,181,5,0,0,0,0,0,0,0,0,0
105,59,291,294,284,308,304,61,289,305,62,0,0,0,0,0
256,27,196,25,262,0,0,0,0,0,0,0,0,0,0,0
188,266,189,268,267,0,0,0,0,0,0,0,0,0,0,0
77,4,0,0,0,0,0,0,0,0,0,0,0,0,0,0
252,248,260,0,0,0,0,0,0,0,0,0,0,0,0,0
55,175,7,286,52,6,296,289,0,0,0,0,0,0,0,0
245,246,81,5,17,321,324,319,326,16,0,0,0,0,0,0
273,35,301,287,277,64,284,36,65,297,0,0,0,0,0,0
150,105,216,104,0,0,0,0,0,0,0,0,0,0,0,0
238,24,107,23,22,242,0,0,0,0,0,0,0,0,0,0
125,303,211,306,0,0,0,0,0,0,0,0,0,0,0,0
168,20,108,3,0,0,0,0,0,0,0,0,0,0,0,0
58,287,112,193,60,0,0,0,0,0,0,0,0,0,0,0
93,103,319,324,88,91,35,102,36,0,0,0,0,0,0,0
16,269,268,31,267,265,0,0,0,0,0,0,0,0,0,0
248,126,128,249,46,0,0,0,0,0,0,0,0,0,0,0
158,257,100,115,0,0,0,0,0,0,0,0,0,0,0,0
15,6,0,0,0,0,0,0,0,0,0,0,0,0,0,0
212,73,297,224,4,74,208,288,219,10,0,0,0,0,0,0
117,262,44,214,52,42,0,0,0,0,0,0,0,0,0,0
291,80,229,85,232,142,0,0,0,0,0,0,0,0,0,0
86,266,304,306,81,307,269,248,268,264,0,0,0,0,0,0
144,70,57,62,74,56,139,0,0,0,0,0,0,0,0,0
262,148,255,108,249,259,209,135,103,133,0,0,0,0,0,0
285,260,193,257,294,295,0,0,0,0,0,0,0,0,0,0
1,2,235,245,123,13,122,177,124,0,0,0,0,0,0,0
55,192,279,44,234,194,0,0,0,0,0,0,0,0,0,0
151,224,97,138,132,115,143,208,169,104,0,0,0,0,0,0
7,29,34,50,5,31,3,46,43,25,0,0,0,0,0,0
16,233,325,231,324,12,180,229,0,0,0,0,0,0,0,0
18,130,129,126,47,172,28,127,0,0,0,0,0,0,0,0
158,17,154,8,88,161,157,14,90,0,0,0,0,0,0,0
199,38,277,33,280,37,21,203,0,0,0,0,0,0,0,0
238,249,247,49,52,260,245,165,256,0,0,0,0,0,0,0
26,257,111,100,254,253,258,0,0,0,0,0,0,0,0,0
280,66,162,158,0,0,0,0,0,0,0,0,0,0,0,0
183,123,191,37,35,0,0,0,0,0,0,0,0,0,0,0
6,299,44,7,48,2,286,0,0,0,0,0,0,0,0,0
250,197,262,199,255,200,259,86,0,0,0,0,0,0,0,0
240,319,241,270,304,277,308,0,0,0,0,0,0,0,0,0
177,168,101,25,22,189,169,112,0,0,0,0,0,0,0,0
142,184,59,195,216,136,224,0,0,0,0,0,0,0,0,0
212,23,73,24,70,203,27,77,217,209,0,0,0,0,0,0
11,166,1,129,291,292,126,0,0,0,0,0,0,0,0,0
23,319,274,276,270,0,0,0,0,0,0,0,0,0,0,0
300,28,254,137,297,290,24,0,0,0,0,0,0,0,0,0
240,118,7,196,13,114,1,0,0,0,0,0,0,0,0,0
305,154,97,0,0,0,0,0,0,0,0,0,0,0,0,0
14,64,66,202,9,68,87,0,0,0,0,0,0,0,0,0
284,46,302,301,143,152,247,0,0,0,0,0,0,0,0,0
195,187,27,139,135,268,0,0,0,0,0,0,0,0,0,0
174,172,295,138,175,294,132,183,0,0,0,0,0,0,0,0
62,103,111,60,56,67,0,0,0,0,0,0,0,0,0,0
172,90,75,174,10,168,16,93,3,0,0,0,0,0,0,0
288,107,22,246,234,99,116,286,24,114,0,0,0,0,0,0
196,202,253,249,183,9,259,200,0,0,0,0,0,0,0,0
124,272,295,208,290,0,0,0,0,0,0,0,0,0,0,0
268,307,39,212,37,267,266,0,0,0,0,0,0,0,0,0
203,197,140,113,129,130,127,126,142,109,0,0,0,0,0,0
33,190,18,187,98,115,0,0,0,0,0,0,0,0,0,0
273,20,19,270,274,146,112,148,278,0,0,0,0,0,0,0
250,248,162,302,257,300,247,145,0,0,0,0,0,0,0,0
86,84,231,233,82,321,322,319,83,0,0,0,0,0,0,0
211,294,245,25,224,242,289,29,216,0,0,0,0,0,0,0
35,319,0,0,0,0,0,0,0,0,0,0,0,0,0,0
187,141,0,0,0,0,0,0,0,0,0,0,0,0,0,0
295,241,123,273,119,292,240,301,242,276,277,0,0,0,0,0
305,97,42,202,206,116,197,308,306,304,201,0,0,0,0,0
203,200,257,249,81,82,161,199,162,251,154,0,0,0,0,0
19,287,285,23,211,43,52,45,0,0,0,0,0,0,0,0
15,49,126,13,47,44,129,128,0,0,0,0,0,0,0,0
269,294,284,149,145,268,238,136,267,291,0,0,0,0,0,0
30,248,249,19,242,45,259,252,241,21,33,0,0,0,0,0
171,176,302,117,287,199,111,206,178,0,0,0,0,0,0,0
18,25,202,58,23,197,56,57,238,245,0,0,0,0,0,0
217,187,256,170,258,221,194,257,214,213,255,193,0,0,0,0
134,247,140,294,266,299,269,289,132,268,0,0,0,0,0,0
186,233,307,154,182,162,305,231,308,306,229,232,190,0,0,0
220,219,224,70,222,321,39,322,35,324,326,0,0,0,0,0
91,286,123,274,279,277,275,92,122,0,0,0,0,0,0,0
80,82,135,49,81,34,52,54,27,84,48,139,0,0,0,0
211,63,66,212,297,67,278,272,65,292,285,209,0,0,0,0
34,18,46,241,218,242,30,245,214,25,219,52,0,0,0,0
197,206,201,212,44,10,209,4,50,211,55,217,0,0,0,0
66,325,319,47,42,65,63,58,0,0,0,0,0,0,0,0
99,122,137,111,100,23,120,121,112,0,0,0,0,0,0,0
115,118,14,2,102,114,269,267,0,0,0,0,0,0,0,0
264,22,263,139,107,152,103,254,24,0,0,0,0,0,0,0
147,11,32,13,135,33,8,3,26,134,0,0,0,0,0,0
74,184,76,155,157,305,308,307,190,161,77,0,0,0,0,0
85,105,82,126,129,98,202,86,196,199,130,80,106,0,0,0
35,280,141,37,278,272,146,271,41,213,132,0,0,0,0,0
189,186,284,251,17,285,293,249,9,192,193,262,0,0,0,0
149,150,298,151,235,296,294,238,143,288,233,0,0,0,0,0
229,233,129,232,157,126,54,154,50,44,128,0,0,0,0,0
37,202,196,206,39,238,297,41,241,237,293,199,38,0,0,0
50,304,201,305,308,6,47,199,196,0,0,0,0,0,0,0
241,21,203,27,30,34,143,133,136,0,0,0,0,0,0,0
147,289,172,56,290,286,131,141,301,173,0,0,0,0,0,0
118,264,108,2,12,249,252,107,278,0,0,0,0,0,0,0
29,129,130,127,125,119,126,121,0,0,0,0,0,0,0,0
132,208,25,224,211,144,18,138,181,166,20,169,152,168,212,0
180,250,176,248,174,54,302,170,52,293,0,0,0,0,0,0
233,246,237,297,229,240,296,232,294,68,299,238,66,0,0,0
84,28,42,45,19,31,23,0,0,0,0,0,0,0,0,0
321,319,267,326,266,41,7,36,11,322,16,268,0,0,0,0
115,218,114,142,187,146,104,98,220,148,219,137,183,0,0,0
280,285,87,287,88,272,89,13,0,0,0,0,0,0,0,0
174,306,12,200,304,201,203,307,1,168,14,308,2,199,178,181
92,229,261,233,232,259,21,247,231,32,87,91,30,258,0,0
53,299,50,187,188,44,48,137,149,0,0,0,0,0,0,0
11,218,208,9,119,256,15,257,221,250,214,0,0,0,0,0
49,302,0,0,0,0,0,0,0,0,0,0,0,0,0,0
52,81,82,83,0,0,0,0,0,0,0,0,0,0,0,0
143,39,308,126,127,304,303,41,130,128,135,306,0,0,0,0
260,247,297,253,199,299,206,203,251,0,0,0,0,0,0,0
134,319,25,43,29,24,54,18,0,0,0,0,0,0,0,0
264,302,13,263,250,262,15,20,0,0,0,0,0,0,0,0
194,211,209,290,70,222,221,186,76,285,0,0,0,0,0,0
208,224,231,298,233,9,229,284,219,0,0,0,0,0,0,0
8,212,214,213,10,157,171,5,0,0,0,0,0,0,0,0
280,146,201,275,132,137,200,0,0,0,0,0,0,0,0,0
240,266,267,58,246,56,272,265,238,278,268,270,0,0,0,0
249,50,139,87,46,254,147,252,92,0,0,0,0,0,0,0
257,195,151,168,259,170,144,193,177,175,255,0,0,0,0,0
214,11,16,222,217,0,0,0,0,0,0,0,0,0,0,0
13,169,8,18,167,253,179,254,17,0,0,0,0,0,0,0
213,85,126,127,216,0,0,0,0,0,0,0,0,0,0,0
189,30,22,290,0,0,0,0,0,0,0,0,0,0,0,0
190,124,219,158,208,221,212,0,0,0,0,0,0,0,0,0
115,46,102,270,0,0,0,0,0,0,0,0,0,0,0,0
325,4,2,324,39,0,0,0,0,0,0,0,0,0,0,0
202,200,184,0,0,0,0,0,0,0,0,0,0,0,0,0
234,144,135,142,140,0,0,0,0,0,0,0,0,0,0,0
180,134,293,172,168,143,136,302,0,0,0,0,0,0,0,0
92,233,51,49,231,65,63,66,0,0,0,0,0,0,0,0
251,269,258,267,268,266,9,0,0,0,0,0,0,0,0,0
326,324,20,202,196,321,0,0,0,0,0,0,0,0,0,0
111,97,136,33,34,73,27,132,108,0,0,0,0,0,0,0
262,124,231,66,233,0,0,0,0,0,0,0,0,0,0,0
37,39,46,85,52,42,47,0,0,0,0,0,0,0,0,0
269,117,266,168,112,113,170,265,167,14,267,13,0,0,0,0
25,2,28,133,175,4,32,171,0,0,0,0,0,0,0,0
53,192,193,185,296,302,44,298,190,0,0,0,0,0,0,0
114,107,217,155,209,219,61,58,224,0,0,0,0,0,0,0
140,5,127,43,152,11,0,0,0,0,0,0,0,0,0,0
1,9,203,201,194,197,206,12,0,0,0,0,0,0,0,0
274,18,23,165,280,279,273,247,30,261,181,0,0,0,0,0
98,187,30,195,140,23,26,109,184,192,0,0,0,0,0,0
31,52,91,89,28,90,112,118,22,47,87,0,0,0,0,0
74,76,77,245,73,5,60,58,7,8,0,0,0,0,0,0
278,293,298,6,12,200,280,277,287,4,0,0,0,0,0,0
175,151,181,170,147,120,142,0,0,0,0,0,0,0,0,0
162,167,308,307,306,168,157,209,221,173,0,0,0,0,0,0
291,49,203,197,115,299,53,46,0,0,0,0,0,0,0,0
174,17,218,177,235,216,241,240,3,11,166,0,0,0,0,0
104,172,99,188,179,190,114,180,0,0,0,0,0,0,0,0
84,271,85,81,32,18,82,274,33,133,139,149,276,27,275,0
171,187,48,237,188,245,184,238,189,235,0,0,0,0,0,0
208,219,46,44,276,214,90,53,0,0,0,0,0,0,0,0
199,23,206,175,141,197,200,177,181,0,0,0,0,0,0,0
192,24,19,25,190,167,165,168,108,22,0,0,0,0,0,0
65,322,269,126,130,64,321,267,266,265,129,0,0,0,0,0
306,308,170,287,31,302,29,305,297,169,0,0,0,0,0,0
231,290,249,248,229,260,232,291,289,252,0,0,0,0,0,0
162,78,12,155,70,5,73,41,8,0,0,0,0,0,0,0
250,32,149,34,147,135,251,203,143,258,27,0,0,0,0,0
14,285,11,2,151,10,142,132,0,0,0,0,0,0,0,0
273,279,137,150,139,271,140,278,119,0,0,0,0,0,0,0
288,242,234,292,240,54,241,59,43,42,0,0,0,0,0,0
291,224,298,208,290,0,0,0,0,0,0,0,0,0,0,0
80,42,53,187,0,0,0,0,0,0,0,0,0,0,0,0
325,107,60,0,0,0,0,0,0,0,0,0,0,0,0,0
143,137,29,0,0,0,0,0,0,0,0,0,0,0,0,0
305,22,31,0,0,0,0,0,0,0,0,0,0,0,0,0
49,48,214,38,0,0,0,0,0,0,0,0,0,0,0,0
13,2,50,135,43,3,133,0,0,0,0,0,0,0,0,0
267,233,266,237,265,268,0,0,0,0,0,0,0,0,0,0
203,197,209,190,288,0,0,0,0,0,0,0,0,0,0,0
10,8,114,24,119,14,0,0,0,0,0,0,0,0,0,0
206,200,87,90,0,0,0,0,0,0,0,0,0,0,0,0
133,80,30,84,24,146,140,85,81,0,0,0,0,0,0,0
188,102,93,89,121,103,193,184,87,0,0,0,0,0,0,0
193,58,142,240,237,61,134,235,141,191,59,0,0,0,0,0
41,64,248,63,66,0,0,0,0,0,0,0,0,0,0,0
25,19,1,33,0,0,0,0,0,0,0,0,0,0,0,0
224,212,231,46,219,233,0,0,0,0,0,0,0,0,0,0
130,126,258,269,268,0,0,0,0,0,0,0,0,0,0,0
192,57,148,0,0,0,0,0,0,0,0,0,0,0,0,0
278,272,271,0,0,0,0,0,0,0,0,0,0,0,0,0
133,98,105,142,285,111,108,0,0,0,0,0,0,0,0,0
143,280,0,0,0,0,0,0,0,0,0,0,0,0,0,0
89,7,88,87,3,0,0,0,0,0,0,0,0,0,0,0
8,81,84,0,0,0,0,0,0,0,0,0,0,0,0,0
146,240,135,178,0,0,0,0,0,0,0,0,0,0,0,0
248,259,97,253,0,0,0,0,0,0,0,0,0,0,0,0
30,254,262,167,14,170,258,13,18,173,176,0,0,0,0,0
102,11,117,8,1,5,126,110,272,279,0,0,0,0,0,0
291,301,199,119,292,62,201,59,120,294,0,0,0,0,0,0
9,293,177,152,3,290,296,0,0,0,0,0,0,0,0,0
17,219,308,217,305,6,257,251,0,0,0,0,0,0,0,0
158,209,216,143,148,324,157,162,211,0,0,0,0,0,0,0
271,266,265,273,280,103,270,268,178,171,0,0,0,0,0,0
90,45,87,98,101,142,134,0,0,0,0,0,0,0,0,0
247,263,224,195,191,118,252,214,100,0,0,0,0,0,0,0
250,54,294,253,252,136,260,0,0,0,0,0,0,0,0,0
257,278,291,302,0,0,0,0,0,0,0,0,0,0,0,0
211,220,296,127,44,0,0,0,0,0,0,0,0,0,0,0
218,213,212,30,109,222,0,0,0,0,0,0,0,0,0,0
10,122,235,245,100,107,241,0,0,0,0,0,0,0,0,0
151,202,197,177,135,247,0,0,0,0,0,0,0,0,0,0
77,19,39,0,0,0,0,0,0,0,0,0,0,0,0,0
277,62,116,258,59,0,0,0,0,0,0,0,0,0,0,0
268,240,267,265,269,102,234,115,0,0,0,0,0,0,0,0
209,32,25,176,22,175,299,293,221,178,0,0,0,0,0,0
47,106,189,97,0,0,0,0,0,0,0,0,0,0,0,0
200,97,199,102,201,0,0,0,0,0,0,0,0,0,0,0
260,112,50,271,270,51,118,262,252,110,43,47,0,0,0,0
256,6,289,302,248,1,254,181,293,301,5,179,168,0,0,0
200,35,109,0,0,0,0,0,0,0,0,0,0,0,0,0
175,88,179,91,272,0,0,0,0,0,0,0,0,0,0,0
49,27,238,3,5,0,0,0,0,0,0,0,0,0,0,0
214,13,0,0,0,0,0,0,0,0,0,0,0,0,0,0
248,206,63,255,232,0,0,0,0,0,0,0,0,0,0,0
62,188,142,59,61,58,0,0,0,0,0,0,0,0,0,0
183,293,299,0,0,0,0,0,0,0,0,0,0,0,0,0
31,289,34,135,52,21,146,0,0,0,0,0,0,0,0,0
291,127,211,126,129,0,0,0,0,0,0,0,0,0,0,0
190,191,196,184,125,3,197,0,0,0,0,0,0,0,0,0
127,247,126,212,211,217,256,224,129,251,0,0,0,0,0,0
12,2,6,208,218,161,216,0,0,0,0,0,0,0,0,0
36,265,35,172,178,266,269,267,25,41,0,0,0,0,0,0
49,220,241,235,185,183,219,186,188,0,0,0,0,0,0,0
46,289,52,27,29,296,42,233,28,231,229,31,44,0,0,0
175,81,173,50,84,176,262,171,257,0,0,0,0,0,0,0
193,272,182,321,322,271,169,174,279,0,0,0,0,0,0,0
245,278,290,66,299,234,302,273,237,292,0,0,0,0,0,0
7,147,261,137,30,249,8,250,260,0,0,0,0,0,0,0
303,107,295,16,307,306,288,0,0,0,0,0,0,0,0,0
146,131,148,138,285,74,62,73,75,291,286,0,0,0,0,0
175,147,146,176,137,177,262,101,113,0,0,0,0,0,0,0
252,5,9,115,15,258,255,99,51,42,7,43,48,97,256,0
41,104,40,108,306,303,43,44,50,46,0,0,0,0,0,0
199,296,295,290,176,203,113,101,286,0,0,0,0,0,0,0
183,53,185,17,265,10,182,48,189,268,0,0,0,0,0,0
118,106,100,111,42,142,54,0,0,0,0,0,0,0,0,0
247,56,211,250,264,212,136,141,219,222,0,0,0,0,0,0
217,206,216,224,137,254,196,138,255,0,0,0,0,0,0,0
90,119,88,1,5,124,92,123,280,0,0,0,0,0,0,0
161,126,162,157,22,154,234,127,0,0,0,0,0,0,0,0
16,321,4,319,7,324,326,32,19,0,0,0,0,0,0,0
80,186,82,229,84,83,25,0,0,0,0,0,0,0,0,0
220,214,99,301,297,246,98,240,209,213,0,0,0,0,0,0
213,181,174,178,167,212,87,0,0,0,0,0,0,0,0,0
201,28,206,193,15,7,18,30,21,8,0,0,0,0,0,0
217,42,49,22,25,216,209,40,38,43,0,0,0,0,0,0
62,168,11,58,177,0,0,0,0,0,0,0,0,0,0,0
54,245,241,264,246,47,0,0,0,0,0,0,0,0,0,0
278,280,265,268,269,273,108,81,99,82,0,0,0,0,0,0
170,286,176,279,175,179,0,0,0,0,0,0,0,0,0,0
185,3,234,237,211,17,222,187,224,0,0,0,0,0,0,0
306,307,76,165,133,73,305,308,132,149,0,0,0,0,0,0
293,34,139,129,145,287,126,298,144,297,31,33,0,0,0,0
66,104,9,296,284,0,0,0,0,0,0,0,0,0,0,0
258,46,120,324,260,122,0,0,0,0,0,0,0,0,0,0
103,6,11,52,0,0,0,0,0,0,0,0,0,0,0,0
216,298,26,264,211,293,252,0,0,0,0,0,0,0,0,0
167,319,194,184,188,191,0,0,0,0,0,0,0,0,0,0
65,66,262,254,0,0,0,0,0,0,0,0,0,0,0,0
229,89,119,234,231,124,0,0,0,0,0,0,0,0,0,0
98,251,250,97,0,0,0,0,0,0,0,0,0,0,0,0
36,35,58,112,0,0,0,0,0,0,0,0,0,0,0,0
265,269,2,306,10,268,305,266,0,0,0,0,0,0,0,0
245,238,84,85,241,82,242,80,193,259,0,0,0,0,0,0
179,284,288,150,289,0,0,0,0,0,0,0,0,0,0,0
118,249,108,256,140,254,101,134,222,251,0,0,0,0,0,0
52,104,177,217,211,110,43,208,113,50,45,168,0,0,0,0
203,319,0,0,0,0,0,0,0,0,0,0,0,0,0,0
256,97,0,0,0,0,0,0,0,0,0,0,0,0,0,0
237,126,127,0,0,0,0,0,0,0,0,0,0,0,0,0
1,296,0,0,0,0,0,0,0,0,0,0,0,0,0,0
50,46,298,53,0,0,0,0,0,0,0,0,0,0,0,0
81,186,322,147,189,324,187,195,143,83,0,0,0,0,0,0
127,263,264,161,126,254,0,0,0,0,0,0,0,0,0,0
141,148,258,146,144,253,103,111,0,0,0,0,0,0,0,0
59,265,267,188,61,269,242,241,62,182,245,0,0,0,0,0
39,108,18,232,37,35,27,0,0,0,0,0,0,0,0,0
152,171,124,120,139,121,299,296,179,0,0,0,0,0,0,0
2,197,9,12,220,22,219,206,211,26,31,13,203,217,32,199
301,77,91,285,70,303,293,305,291,307,76,306,0,0,0,0
208,273,272,52,222,209,278,274,46,3,216,0,0,0,0,0
298,24,33,302,28,300,284,280,275,250,252,256,0,0,0,0
294,50,65,238,66,49,68,67,286,246,288,0,0,0,0,0
181,203,154,165,224,158,169,209,0,0,0,0,0,0,0,0
200,170,251,196,124,202,174,180,247,0,0,0,0,0,0,0
184,178,303,173,186,237,308,235,175,238,177,307,305,0,0,0
187,167,24,33,286,182,0,0,0,0,0,0,0,0,0,0
131,270,7,63,132,9,0,0,0,0,0,0,0,0,0,0
97,260,118,152,6,262,143,8,0,0,0,0,0,0,0,0
231,127,297,284,126,232,293,82,0,0,0,0,0,0,0,0
250,326,321,189,208,325,183,0,0,0,0,0,0,0,0,0
274,136,275,271,54,278,108,101,0,0,0,0,0,0,0,0
73,70,76,294,148,137,138,217,0,0,0,0,0,0,0,0
52,301,146,287,299,49,257,144,290,134,47,0,0,0,0,0
266,61,41,92,57,38,265,268,267,89,91,0,0,0,0,0
26,21,155,154,25,158,161,0,0,0,0,0,0,0,0,0
30,16,130,22,126,1,13,23,6,20,0,0,0,0,0,0
294,110,220,287,218,300,32,217,109,27,0,0,0,0,0,0
83,200,199,303,206,0,0,0,0,0,0,0,0,0,0,0
250,5,248,231,251,0,0,0,0,0,0,0,0,0,0,0
180,124,125,286,299,119,173,103,122,115,112,0,0,0,0,0
138,196,202,234,201,60,61,203,59,56,147,240,139,0,0,0
108,123,169,115,266,269,165,180,268,0,0,0,0,0,0,0
70,170,270,174,209,208,179,272,222,0,0,0,0,0,0,0
246,81,30,177,84,245,173,86,234,33,0,0,0,0,0,0
52,22,46,27,112,0,0,0,0,0,0,0,0,0,0,0
76,53,25,250,262,73,42,248,247,0,0,0,0,0,0,0
279,50,47,303,46,306,44,304,4,0,0,0,0,0,0,0
39,58,61,166,165,36,35,125,0,0,0,0,0,0,0,0
144,254,139,258,128,135,126,127,0,0,0,0,0,0,0,0
101,118,263,253,219,3,112,221,15,13,209,0,0,0,0,0
107,33,117,26,22,270,102,274,201,27,0,0,0,0,0,0
84,183,182,184,85,63,81,213,189,86,220,0,0,0,0,0
177,8,97,14,16,106,167,9,0,0,0,0,0,0,0,0
173,30,266,242,268,179,176,24,234,269,0,0,0,0,0,0
249,264,192,158,187,194,110,154,191,0,0,0,0,0,0,0
55,255,175,171,44,165,174,252,0,0,0,0,0,0,0,0
113,170,188,195,0,0,0,0,0,0,0,0,0,0,0,0
220,46,150,224,208,0,0,0,0,0,0,0,0,0,0,0
305,307,299,304,49,0,0,0,0,0,0,0,0,0,0,0
117,229,231,0,0,0,0,0,0,0,0,0,0,0,0,0
129,262,84,126,0,0,0,0,0,0,0,0,0,0,0,0
202,246,136,0,0,0,0,0,0,0,0,0,0,0,0,0
326,325,22,28,0,0,0,0,0,0,0,0,0,0,0,0
41,211,302,106,217,0,0,0,0,0,0,0,0,0,0,0
187,209,185,0,0,0,0,0,0,0,0,0,0,0,0,0
120,209,253,124,258,219,135,220,121,251,119,256,0,0,0,0
267,268,40,29,265,269,41,39,0,0,0,0,0,0,0,0
27,229,28,0,0,0,0,0,0,0,0,0,0,0,0,0
14,192,187,190,70,76,73,74,0,0,0,0,0,0,0,0
115,264,0,0,0,0,0,0,0,0,0,0,0,0,0,0
171,203,169,0,0,0,0,0,0,0,0,0,0,0,0,0
217,224,308,43,213,211,66,307,0,0,0,0,0,0,0,0
291,108,59,2,118,0,0,0,0,0,0,0,0,0,0,0
34,19,191,31,218,26,0,0,0,0,0,0,0,0,0,0
319,246,240,25,22,324,325,0,0,0,0,0,0,0,0,0
129,166,132,5,142,12,0,0,0,0,0,0,0,0,0,0
294,176,289,180,199,196,172,0,0,0,0,0,0,0,0,0
235,245,246,0,0,0,0,0,0,0,0,0,0,0,0,0
74,182,0,0,0,0,0,0,0,0,0,0,0,0,0,0
280,143,274,0,0,0,0,0,0,0,0,0,0,0,0,0
20,56,30,34,21,0,0,0,0,0,0,0,0,0,0,0
170,200,10,176,0,0,0,0,0,0,0,0,0,0,0,0
254,253,0,0,0,0,0,0,0,0,0,0,0,0,0,0
136,186,1,185,14,0,0,0,0,0,0,0,0,0,0,0
133,292,274,273,7,275,278,0,0,0,0,0,0,0,0,0
65,257,194,66,0,0,0,0,0,0,0,0,0,0,0,0
251,135,0,0,0,0,0,0,0,0,0,0,0,0,0,0
128,92,90,129,127,0,0,0,0,0,0,0,0,0,0,0
165,233,322,232,324,0,0,0,0,0,0,0,0,0,0,0
183,193,0,0,0,0,0,0,0,0,0,0,0,0,0,0
268,267,264,306,0,0,0,0,0,0,0,0,0,0,0,0
25,264,74,259,19,73,247,263,4,0,0,0,0,0,0,0
232,37,41,38,135,138,35,0,0,0,0,0,0,0,0,0
147,193,270,187,148,280,0,0,0,0,0,0,0,0,0,0
235,220,242,47,267,269,238,237,0,0,0,0,0,0,0,0
107,52,299,18,50,118,24,290,0,0,0,0,0,0,0,0
133,306,297,305,292,58,303,59,144,0,0,0,0,0,0,0
1,275,178,172,169,258,0,0,0,0,0,0,0,0,0,0
113,12,2,128,7,87,0,0,0,0,0,0,0,0,0,0
284,170,194,171,177,288,245,296,185,294,0,0,0,0,0,0
252,319,324,84,14,3,10,250,0,0,0,0,0,0,0,0
108,146,121,103,200,142,111,0,0,0,0,0,0,0,0,0
262,219,63,256,151,218,134,141,255,0,0,0,0,0,0,0
232,256,233,216,76,212,222,254,74,221,0,0,0,0,0,0
258,143,192,257,255,102,140,251,113,184,137,193,0,0,0,0
128,285,177,275,273,166,290,129,126,0,0,0,0,0,0,0
231,233,158,29,26,229,20,93,0,0,0,0,0,0,0,0
73,14,78,169,238,2,178,170,76,70,0,0,0,0,0,0
33,135,136,28,100,294,108,97,0,0,0,0,0,0,0,0
61,304,119,305,303,58,0,0,0,0,0,0,0,0,0,0
126,256,0,0,0,0,0,0,0,0,0,0,0,0,0,0
206,249,253,140,145,150,137,262,173,0,0,0,0,0,0,0
291,287,202,107,286,197,270,0,0,0,0,0,0,0,0,0
1,11,0,0,0,0,0,0,0,0,0,0,0,0,0,0
36,35,41,175,52,170,0,0,0,0,0,0,0,0,0,0
257,246,114,245,0,0,0,0,0,0,0,0,0,0,0,0
247,260,0,0,0,0,0,0,0,0,0,0,0,0,0,0
241,242,85,240,86,0,0,0,0,0,0,0,0,0,0,0
279,101,65,67,304,66,100,0,0,0,0,0,0,0,0,0
250,209,5,222,263,213,0,0,0,0,0,0,0,0,0,0
235,241,245,143,120,124,10,0,0,0,0,0,0,0,0,0
251,249,118,264,26,266,265,31,0,0,0,0,0,0,0,0
42,43,49,260,0,0,0,0,0,0,0,0,0,0,0,0
113,59,229,117,104,0,0,0,0,0,0,0,0,0,0,0
103,120,168,122,109,118,0,0,0,0,0,0,0,0,0,0
218,76,238,237,242,213,235,224,208,0,0,0,0,0,0,0
199,277,271,130,189,203,0,0,0,0,0,0,0,0,0,0
154,304,307,158,319,0,0,0,0,0,0,0,0,0,0,0
212,133,266,152,220,268,0,0,0,0,0,0,0,0,0,0
250,100,26,110,34,188,257,0,0,0,0,0,0,0,0,0
83,172,291,85,297,82,166,190,176,0,0,0,0,0,0,0
290,116,240,246,294,262,102,293,302,252,0,0,0,0,0,0
135,202,4,11,142,54,151,51,134,0,0,0,0,0,0,0
48,40,87,36,38,0,0,0,0,0,0,0,0,0,0,0
167,168,189,273,188,174,172,87,185,0,0,0,0,0,0,0
81,85,326,158,201,319,162,203,325,82,161,157,83,0,0,0
256,25,268,307,304,306,266,305,250,267,251,0,0,0,0,0
183,290,287,169,200,184,285,191,284,195,0,0,0,0,0,0
150,135,254,147,259,43,258,138,100,264,0,0,0,0,0,0
208,241,237,247,261,238,218,212,249,214,246,142,143,0,0,0
16,67,64,63,231,224,66,219,6,233,211,232,229,213,0,0
48,220,52,217,53,51,178,209,166,222,0,0,0,0,0,0
18,113,107,297,24,34,263,28,289,115,0,0,0,0,0,0
124,300,235,234,122,20,120,32,125,245,0,0,0,0,0,0
271,129,130,75,127,73,126,275,0,0,0,0,0,0,0,0
110,103,104,99,14,152,1,29,30,147,0,0,0,0,0,0
177,124,120,112,126,167,168,102,129,122,118,119,0,0,0,0
176,165,6,62,61,10,0,0,0,0,0,0,0,0,0,0
202,290,201,216,206,197,246,234,211,0,0,0,0,0,0,0
184,25,49,190,0,0,0,0,0,0,0,0,0,0,0,0
248,249,252,179,212,0,0,0,0,0,0,0,0,0,0,0
43,150,15,181,171,135,180,0,0,0,0,0,0,0,0,0
208,92,0,0,0,0,0,0,0,0,0,0,0,0,0,0
253,269,258,229,268,0,0,0,0,0,0,0,0,0,0,0
257,251,255,307,254,303,0,0,0,0,0,0,0,0,0,0
137,142,144,101,132,0,0,0,0,0,0,0,0,0,0,0
129,284,147,151,126,136,127,130,294,143,0,0,0,0,0,0
274,276,242,18,24,241,0,0,0,0,0,0,0,0,0,0
148,19,321,22,32,30,0,0,0,0,0,0,0,0,0,0
22,12,14,82,81,29,172,166,0,0,0,0,0,0,0,0
253,42,66,177,174,167,175,49,64,0,0,0,0,0,0,0
9,107,5,99,0,0,0,0,0,0,0,0,0,0,0,0
32,216,70,25,78,214,92,91,20,0,0,0,0,0,0,0
188,128,267,38,266,269,127,268,39,0,0,0,0,0,0,0
229,132,152,181,232,0,0,0,0,0,0,0,0,0,0,0
303,6,101,260,100,261,247,102,0,0,0,0,0,0,0,0
62,271,202,58,196,142,0,0,0,0,0,0,0,0,0,0
238,209,219,250,212,259,194,211,0,0,0,0,0,0,0,0
169,176,148,272,165,275,168,0,0,0,0,0,0,0,0,0
161,246,157,245,235,242,133,154,0,0,0,0,0,0,0,0
201,252,10,200,221,197,0,0,0,0,0,0,0,0,0,0
278,270,280,168,2,121,177,0,0,0,0,0,0,0,0,0
188,99,130,195,129,128,70,100,78,185,0,0,0,0,0,0
267,200,266,202,62,211,268,0,0,0,0,0,0,0,0,0
118,263,8,253,142,151,247,103,11,145,146,0,0,0,0,0
237,21,242,27,286,291,235,240,298,0,0,0,0,0,0,0
176,256,14,232,175,233,255,9,229,0,0,0,0,0,0,0
34,20,179,178,23,0,0,0,0,0,0,0,0,0,0,0
85,249,321,264,81,326,262,17,259,0,0,0,0,0,0,0
65,222,208,52,68,0,0,0,0,0,0,0,0,0,0,0
304,154,306,303,155,116,199,112,0,0,0,0,0,0,0,0
36,37,90,41,31,18,0,0,0,0,0,0,0,0,0,0
110,30,194,29,289,285,105,297,0,0,0,0,0,0,0,0
182,193,190,185,154,0,0,0,0,0,0,0,0,0,0,0
174,270,279,274,256,273,168,0,0,0,0,0,0,0,0,0
58,57,82,126,60,59,0,0,0,0,0,0,0,0,0,0
139,14,0,0,0,0,0,0,0,0,0,0,0,0,0,0
6,9,7,15,0,0,0,0,0,0,0,0,0,0,0,0
211,214,212,220,0,0,0,0,0,0,0,0,0,0,0,0
4,8,286,1,3,177,0,0,0,0,0,0,0,0,0,0
112,13,111,11,115,0,0,0,0,0,0,0,0,0,0,0
258,200,202,0,0,0,0,0,0,0,0,0,0,0,0,0
209,224,0,0,0,0,0,0,0,0,0,0,0,0,0,0
268,265,303,306,52,269,0,0,0,0,0,0,0,0,0,0
49,233,154,231,46,37,229,162,0,0,0,0,0,0,0,0
201,299,252,27,0,0,0,0,0,0,0,0,0,0,0,0
271,146,100,278,0,0,0,0,0,0,0,0,0,0,0,0
259,234,143,5,0,0,0,0,0,0,0,0,0,0,0,0
279,270,184,25,0,0,0,0,0,0,0,0,0,0,0,0
113,219,291,221,144,0,0,0,0,0,0,0,0,0,0,0
137,212,12,145,142,208,305,0,0,0,0,0,0,0,0,0
1,7,182,187,295,14,285,0,0,0,0,0,0,0,0,0
292,126,197,127,199,73,0,0,0,0,0,0,0,0,0,0
34,55,62,29,268,0,0,0,0,0,0,0,0,0,0,0
37,218,38,297,291,224,195,189,217,296,219,286,41,0,0,0
173,143,322,321,232,319,229,0,0,0,0,0,0,0,0,0
107,63,147,17,118,4,132,66,68,0,0,0,0,0,0,0
22,104,257,100,0,0,0,0,0,0,0,0,0,0,0,0
155,182,44,0,0,0,0,0,0,0,0,0,0,0,0,0
126,213,0,0,0,0,0,0,0,0,0,0,0,0,0,0
45,3,0,0,0,0,0,0,0,0,0,0,0,0,0,0
175,168,287,201,203,0,0,0,0,0,0,0,0,0,0,0
250,254,0,0,0,0,0,0,0,0,0,0,0,0,0,0
55,52,0,0,0,0,0,0,0,0,0,0,0,0,0,0
50,67,171,31,65,66,68,168,177,33,180,32,42,47,34,0
74,203,291,76,0,0,0,0,0,0,0,0,0,0,0,0
166,105,259,171,262,17,4,261,6,264,0,0,0,0,0,0
252,218,235,2,216,257,212,0,0,0,0,0,0,0,0,0
23,248,224,222,217,260,44,221,0,0,0,0,0,0,0,0
187,326,162,319,195,324,322,157,188,47,0,0,0,0,0,0
214,57,255,211,219,58,209,253,0,0,0,0,0,0,0,0
231,104,234,299,229,233,232,0,0,0,0,0,0,0,0,0
184,194,192,126,190,129,0,0,0,0,0,0,0,0,0,0
41,189,39,27,193,185,18,87,38,40,0,0,0,0,0,0
286,263,217,176,222,285,177,251,178,252,211,247,208,0,0,0
191,129,171,188,166,185,126,193,84,81,85,0,0,0,0,0
262,224,214,218,196,216,91,197,250,199,0,0,0,0,0,0
200,221,206,201,203,271,0,0,0,0,0,0,0,0,0,0
290,322,284,165,326,292,49,302,0,0,0,0,0,0,0,0
272,280,158,278,154,0,0,0,0,0,0,0,0,0,0,0
54,190,183,194,47,3,187,170,173,16,44,48,0,0,0,0
19,258,17,259,97,255,22,115,30,23,0,0,0,0,0,0
241,297,238,267,269,266,231,234,240,268,293,229,0,0,0,0
308,306,131,192,182,303,184,0,0,0,0,0,0,0,0,0
238,61,241,324,58,197,245,62,196,326,0,0,0,0,0,0
64,219,42,273,65,66,275,270,220,54,280,63,216,213,0,0
298,149,287,247,136,254,252,21,0,0,0,0,0,0,0,0
16,115,103,110,253,116,54,6,49,250,50,249,0,0,0,0
257,297,251,285,21,286,287,260,175,25,18,252,177,31,0,0
46,66,43,52,139,209,67,224,142,0,0,0,0,0,0,0
260,166,177,278,168,178,195,279,0,0,0,0,0,0,0,0
38,21,33,41,24,37,36,0,0,0,0,0,0,0,0,0
221,268,269,158,162,211,60,216,212,0,0,0,0,0,0,0
296,44,238,300,247,242,55,250,246,0,0,0,0,0,0,0
25,285,26,254,23,194,31,295,0,0,0,0,0,0,0,0
108,304,81,100,99,203,86,307,200,305,0,0,0,0,0,0
10,104,16,113,152,135,7,103,14,0,0,0,0,0,0,0
50,186,301,291,47,324,48,319,0,0,0,0,0,0,0,0
34,231,229,233,197,74,232,0,0,0,0,0,0,0,0,0
11,3,234,252,15,240,245,5,262,0,0,0,0,0,0,0
129,2,130,91,127,123,87,93,126,0,0,0,0,0,0,0
128,74,127,7,129,3,303,307,304,0,0,0,0,0,0,0
185,192,224,259,189,208,220,251,193,0,0,0,0,0,0,0
11,23,166,167,190,8,184,194,181,29,179,20,0,0,0,0
52,122,93,91,46,221,217,219,87,119,44,50,216,0,0,0
168,165,41,187,254,38,39,188,36,173,0,0,0,0,0,0
245,21,258,284,19,294,237,241,34,263,234,252,285,0,0,0
107,14,55,264,250,6,249,100,51,0,0,0,0,0,0,0
274,28,201,26,231,22,232,270,272,229,0,0,0,0,0,0
161,155,288,68,63,2,15,158,66,290,296,10,0,0,0,0
268,295,80,289,267,83,86,0,0,0,0,0,0,0,0,0
56,142,326,170,146,58,141,60,169,177,0,0,0,0,0,0
139,325,101,262,319,0,0,0,0,0,0,0,0,0,0,0
66,67,65,68,23,0,0,0,0,0,0,0,0,0,0,0
195,46,191,86,187,47,0,0,0,0,0,0,0,0,0,0
251,267,117,269,268,111,112,0,0,0,0,0,0,0,0,0
208,168,298,217,211,291,0,0,0,0,0,0,0,0,0,0
238,134,100,104,200,234,0,0,0,0,0,0,0,0,0,0
307,103,303,305,0,0,0,0,0,0,0,0,0,0,0,0
232,233,6,126,273,10,0,0,0,0,0,0,0,0,0,0
222,38,1,50,220,39,37,0,0,0,0,0,0,0,0,0
290,176,177,292,170,287,288,180,203,75,0,0,0,0,0,0
99,97,124,30,48,0,0,0,0,0,0,0,0,0,0,0
58,294,0,0,0,0,0,0,0,0,0,0,0,0,0,0
155,158,157,287,266,235,0,0,0,0,0,0,0,0,0,0
62,301,284,13,1,273,293,278,0,0,0,0,0,0,0,0
259,306,202,307,271,277,258,0,0,0,0,0,0,0,0,0
211,241,81,73,74,220,86,0,0,0,0,0,0,0,0,0
42,171,250,51,254,182,181,0,0,0,0,0,0,0,0,0
172,12,9,112,176,260,111,263,0,0,0,0,0,0,0,0
141,221,6,27,137,144,29,209,0,0,0,0,0,0,0,0
124,90,188,125,194,0,0,0,0,0,0,0,0,0,0,0
130,322,173,174,326,129,179,0,0,0,0,0,0,0,0,0
199,212,38,41,224,0,0,0,0,0,0,0,0,0,0,0
195,189,66,107,100,190,0,0,0,0,0,0,0,0,0,0
18,285,26,298,115,294,28,0,0,0,0,0,0,0,0,0
97,11,15,113,5,14,120,0,0,0,0,0,0,0,0,0
233,248,247,229,258,256,83,82,131,0,0,0,0,0,0,0
321,170,181,325,322,109,326,171,224,106,172,218,115,0,0,0
269,212,217,74,274,268,75,267,77,265,216,0,0,0,0,0
48,192,56,52,242,186,234,238,57,240,53,194,0,0,0,0
41,68,185,37,191,250,39,255,38,67,63,0,0,0,0,0
105,104,116,174,190,167,188,176,177,99,91,0,0,0,0,0
279,7,276,152,136,9,16,3,0,0,0,0,0,0,0,0
33,290,34,20,129,30,294,127,297,130,45,126,295,0,0,0
208,211,179,2,214,165,168,251,260,17,222,249,0,0,0,0
257,154,246,158,254,23,162,241,237,263,19,262,245,0,0,0
268,184,99,185,14,267,265,7,266,0,0,0,0,0,0,0
291,150,132,298,263,152,140,13,15,257,0,0,0,0,0,0
252,179,192,182,253,183,187,170,34,176,261,29,0,0,0,0
319,322,154,305,303,307,0,0,0,0,0,0,0,0,0,0
51,62,43,180,59,52,141,0,0,0,0,0,0,0,0,0
242,232,124,119,241,234,0,0,0,0,0,0,0,0,0,0
129,127,39,91,200,36,41,130,90,0,0,0,0,0,0,0
171,295,274,50,292,168,290,177,288,280,0,0,0,0,0,0
172,54,221,273,44,270,208,165,213,219,0,0,0,0,0,0
216,255,224,297,258,134,248,247,218,149,135,212,286,0,0,0
238,285,209,211,131,240,300,296,143,246,222,0,0,0,0,0
66,148,142,64,139,65,259,250,0,0,0,0,0,0,0,0
63,169,268,271,165,178,269,279,0,0,0,0,0,0,0,0
277,60,185,58,5,57,59,0,0,0,0,0,0,0,0,0
170,177,218,172,0,0,0,0,0,0,0,0,0,0,0,0
202,141,139,0,0,0,0,0,0,0,0,0,0,0,0,0
303,67,129,64,196,130,126,0,0,0,0,0,0,0,0,0
188,50,195,279,270,45,272,0,0,0,0,0,0,0,0,0
62,105,267,269,101,266,0,0,0,0,0,0,0,0,0,0
262,43,234,46,55,253,0,0,0,0,0,0,0,0,0,0
289,81,123,322,82,83,319,0,0,0,0,0,0,0,0,0
39,145,115,35,146,150,0,0,0,0,0,0,0,0,0,0
285,300,238,246,24,0,0,0,0,0,0,0,0,0,0,0
179,233,23,229,177,0,0,0,0,0,0,0,0,0,0,0
162,206,157,98,173,171,176,0,0,0,0,0,0,0,0,0
273,254,280,194,261,185,190,30,277,0,0,0,0,0,0,0
18,73,74,88,108,0,0,0,0,0,0,0,0,0,0,0
2,48,52,54,14,167,51,180,10,291,168,0,0,0,0,0
179,255,187,170,250,129,252,181,127,0,0,0,0,0,0,0
172,114,224,102,0,0,0,0,0,0,0,0,0,0,0,0
249,44,258,32,151,135,0,0,0,0,0,0,0,0,0,0
146,189,143,271,29,142,0,0,0,0,0,0,0,0,0,0
306,302,299,305,307,107,0,0,0,0,0,0,0,0,0,0
261,326,262,93,88,115,0,0,0,0,0,0,0,0,0,0
245,248,251,264,0,0,0,0,0,0,0,0,0,0,0,0
68,122,63,66,67,162,0,0,0,0,0,0,0,0,0,0
28,18,268,20,73,269,266,0,0,0,0,0,0,0,0,0
184,273,188,23,0,0,0,0,0,0,0,0,0,0,0,0
217,231,233,232,229,209,0,0,0,0,0,0,0,0,0,0
167,133,174,149,136,0,0,0,0,0,0,0,0,0,0,0
290,209,90,293,220,0,0,0,0,0,0,0,0,0,0,0
268,265,266,113,0,0,0,0,0,0,0,0,0,0,0,0
50,31,30,33,180,0,0,0,0,0,0,0,0,0,0,0
178,255,171,154,63,162,0,0,0,0,0,0,0,0,0,0
14,5,122,179,229,0,0,0,0,0,0,0,0,0,0,0
195,246,183,2,44,187,16,0,0,0,0,0,0,0,0,0
17,214,167,222,4,3,0,0,0,0,0,0,0,0,0,0
146,43,299,142,47,0,0,0,0,0,0,0,0,0,0,0
306,126,127,128,97,130,100,305,0,0,0,0,0,0,0,0
34,201,41,285,35,23,196,295,0,0,0,0,0,0,0,0
140,192,134,208,148,185,0,0,0,0,0,0,0,0,0,0
81,240,278,242,277,0,0,0,0,0,0,0,0,0,0,0
