259,184,195,241,257,237,114,263,191,106,245,183,264,111,240,108
92,51,54,66,89,278,87,280,90,270,48,65,64,68,46,271
296,237,234,221,241,291,261,219,213,255,251,249,245,286,287,208
258,200,199,259,202,196,8,262,9,158,2,162,154,161,15,256
77,30,18,22,7,66,63,5,24,10,64,74,76,70,67,6
307,295,305,150,308,135,137,108,99,304,284,117,285,131,105,289
299,322,288,292,279,268,266,274,321,326,269,278,265,325,280,300
139,168,110,175,231,229,174,106,118,233,143,140,171,146,232,100
253,252,257,1,34,248,81,17,31,4,21,83,14,84,23,85
301,217,216,165,209,298,179,59,56,60,173,294,166,218,302,62
92,13,247,192,264,194,3,12,254,88,187,260,193,91,11,87
32,273,203,275,238,201,197,33,20,276,240,270,246,235,19,206
212,177,113,167,214,178,36,222,39,211,115,116,176,109,40,37
220,184,15,17,172,4,178,11,166,189,169,187,213,183,211,217
116,271,103,186,137,150,191,274,138,110,142,192,105,276,272,195
273,250,277,136,275,234,133,253,255,152,251,270,246,241,131,238
76,74,216,208,206,59,57,212,56,60,224,197,75,200,203,78
249,297,24,256,284,6,293,20,8,257,26,262,13,1,288,30
233,18,232,25,252,29,23,229,231,296,260,258,291,290,289,263
125,21,31,22,145,254,123,121,119,19,144,247,261,264,147,146
157,265,240,303,161,267,245,305,162,266,155,242,237,307,269,304
182,10,219,214,53,49,14,9,3,190,48,43,221,193,188,209
63,99,111,28,67,108,41,32,68,36,38,34,64,100,33,35
151,199,196,202,324,325,292,201,285,300,295,321,140,326,143,149
127,80,51,128,42,130,88,86,129,45,81,90,83,87,54,92
256,169,158,180,298,155,154,261,254,287,173,297,162,247,166,290
42,57,59,61,188,47,74,58,50,195,187,76,192,78,49,70
259,175,134,171,273,274,280,248,148,141,258,257,151,181,272,172
138,200,302,150,15,137,288,197,14,206,295,147,199,9,3,284
194,267,307,266,306,303,184,104,189,107,269,110,304,182,97,268
217,55,222,291,101,221,43,117,46,209,301,285,106,102,52,296
145,139,293,136,238,299,286,300,90,234,91,87,241,89,143,237
190,220,251,183,263,218,13,185,186,255,262,1,16,208,11,212
321,275,28,277,322,12,324,20,29,325,17,18,10,279,278,4
83,80,121,63,233,86,119,81,64,231,232,66,65,229,123,125
203,196,130,202,129,127,37,38,250,35,201,260,264,39,253,128
7,5,2,240,245,168,24,30,174,170,8,179,246,21,235,31
63,196,67,209,199,34,201,22,65,206,208,212,68,18,19,211
140,32,13,146,27,118,25,99,7,8,23,138,100,103,141,12
144,251,145,133,221,179,214,257,152,167,219,247,169,256,213,166
128,322,86,127,263,248,326,85,319,129,83,321,254,126,80,252
274,258,280,259,194,195,305,306,304,192,186,276,303,275,249,262
176,120,119,218,124,171,216,172,48,220,52,55,125,170,51,224
232,233,59,191,229,107,60,111,190,187,113,56,58,193,110,231
137,242,234,267,53,135,265,131,241,266,50,42,139,45,268,240
39,37,38,105,73,112,70,154,40,161,75,157,98,104,76,158
174,188,271,270,173,279,182,189,245,237,235,183,177,246,165,272
89,87,293,197,302,109,93,114,295,108,92,115,203,200,202,299
175,33,46,28,181,168,47,260,261,44,250,253,30,49,24,178
104,87,68,64,67,63,112,161,155,92,90,157,118,107,88,158
23,109,26,32,231,41,110,40,35,113,229,232,33,115,37,233
11,17,13,284,299,254,301,175,179,291,249,176,251,253,6,167
48,271,220,212,47,272,105,276,211,278,45,218,98,116,117,42
97,22,103,8,102,31,1,7,234,106,19,235,242,25,16,240
197,319,122,200,257,322,123,206,247,325,119,255,248,196,324,120
288,216,181,300,171,208,222,180,293,28,24,174,285,214,30,21
129,126,189,213,128,18,27,192,187,130,29,34,224,195,209,219
297,53,52,273,136,279,294,51,141,139,277,274,289,287,146,46
165,108,10,3,9,186,4,100,168,114,170,194,191,172,101,182
184,201,203,267,308,265,268,183,199,306,266,190,303,307,202,185
126,272,128,193,216,224,212,188,129,275,271,127,192,182,277,213
78,158,301,303,154,76,287,295,162,308,155,304,290,307,75,77
174,167,29,30,139,142,138,179,21,104,102,18,171,137,115,117
147,245,133,83,199,197,238,234,201,84,152,246,134,206,86,81
112,49,269,232,108,118,229,266,105,48,265,268,52,231,45,233
237,261,242,109,15,12,100,258,101,252,11,260,98,241,240,16
111,106,250,249,221,253,276,107,219,273,278,110,256,270,222,208
183,191,194,28,220,218,32,214,177,22,217,168,185,19,172,181
24,91,25,195,10,88,5,23,3,89,90,186,187,33,7,190
196,123,124,200,68,62,203,63,57,120,202,67,61,66,122,56
4,17,151,31,322,131,321,9,20,34,26,8,135,325,150,324
136,6,176,173,14,36,149,146,39,40,175,145,41,1,170,2
291,93,273,302,288,24,87,88,270,275,33,18,22,91,272,299
8,37,170,308,16,13,177,305,306,166,307,38,171,5,41,36
189,233,249,188,258,289,251,231,232,292,285,185,183,287,262,229
128,112,70,108,98,126,122,120,129,107,130,73,76,77,125,121
254,50,167,253,169,190,182,195,256,46,178,180,45,43,261,194
23,52,141,51,21,139,134,241,237,28,137,31,53,238,54,240
212,103,55,34,113,48,19,102,49,42,32,214,216,209,20,118
179,165,220,174,217,29,173,25,26,2,222,3,15,211,11,30
84,83,9,269,325,80,268,321,1,324,267,266,12,322,17,85
213,175,161,176,157,218,168,181,224,154,221,290,300,162,286,295
297,200,56,197,277,296,294,62,59,196,284,276,57,280,279,202
12,145,302,294,11,158,7,132,161,154,3,144,284,290,141,157
139,269,47,135,150,265,136,49,51,267,97,109,106,54,102,268
66,20,266,267,64,250,255,265,18,258,65,23,19,261,67,268
301,202,280,279,161,199,297,196,158,154,299,274,162,277,293,206
245,183,234,191,221,220,40,38,190,219,218,41,238,39,195,246
169,174,141,145,300,287,140,197,200,165,285,166,201,298,135,203
304,325,272,322,306,61,275,305,62,271,326,60,58,278,303,321
188,89,192,131,150,126,186,130,185,144,132,129,128,93,91,88
54,27,44,121,33,173,26,22,123,122,51,53,171,124,178,180
214,16,105,11,115,233,217,212,231,7,116,209,13,112,229,232
101,85,81,107,98,193,42,80,49,189,187,114,184,47,86,55
34,2,103,291,6,289,17,99,295,31,302,102,28,12,110,30
77,235,237,292,288,240,296,5,241,9,294,73,78,15,76,10
3,208,14,213,224,4,146,46,52,142,149,50,222,43,143,8
326,180,200,197,176,295,319,301,196,290,325,322,202,285,174,178
117,116,131,157,143,214,162,212,154,218,100,161,224,132,101,135
220,222,104,195,192,190,307,211,304,224,117,188,112,113,308,306
206,203,201,255,251,158,199,249,157,208,209,261,221,154,162,214
135,151,106,49,121,140,108,124,44,42,122,51,114,133,119,102
183,86,63,187,191,67,82,174,166,170,172,81,194,64,68,80
88,284,100,302,91,299,115,99,128,127,126,297,92,129,98,89
213,37,303,308,118,306,218,304,41,38,40,216,97,219,103,117
143,133,138,199,286,201,203,295,111,294,114,288,196,132,113,116
121,9,278,10,277,108,5,119,115,2,122,123,99,271,100,274
260,89,87,263,22,24,90,91,34,184,183,254,187,186,259,21
248,66,42,52,253,63,64,262,250,265,50,267,266,68,269,49
51,46,126,127,45,128,208,221,211,80,130,224,85,82,48,86
217,324,220,322,212,325,209,321,155,13,8,162,1,154,6,158
18,32,104,150,270,139,280,105,28,279,146,20,273,109,140,110
237,29,70,77,231,245,242,233,31,232,78,246,33,27,73,229
247,151,148,189,255,134,47,264,152,249,55,194,53,43,190,191
61,57,300,23,241,60,240,62,30,26,292,234,19,238,284,298
14,197,192,289,193,290,3,299,200,202,11,12,188,195,206,285
21,232,85,286,83,231,301,24,80,18,86,23,300,233,229,294
280,266,273,183,321,195,324,279,326,325,277,192,268,269,194,265
297,176,289,287,302,237,235,155,161,178,234,175,169,157,162,245
127,272,206,197,190,191,270,193,275,189,199,200,130,276,126,128
4,97,15,240,110,221,219,1,216,238,16,241,246,98,213,100
114,105,14,288,299,17,7,251,263,99,257,290,262,13,296,107
41,295,248,31,35,36,261,27,292,247,33,291,298,38,252,30
117,45,173,108,2,167,115,43,3,10,52,9,180,166,46,102
75,304,224,211,76,123,303,120,125,70,73,212,308,307,217,124
201,148,20,196,22,203,140,87,149,90,91,202,92,25,26,135
62,65,67,186,182,61,171,184,63,68,168,185,172,56,170,60
19,104,222,137,112,34,29,141,145,118,214,101,151,32,208,220
19,29,117,20,33,128,108,116,127,12,106,10,129,16,130,11
5,14,92,172,179,140,93,91,89,7,8,167,134,141,148,166
104,185,188,262,193,257,155,102,161,158,259,97,162,191,118,252
114,170,182,184,189,168,174,195,321,109,324,107,319,326,111,173
218,105,99,206,220,209,40,37,200,201,38,113,112,199,41,211
44,217,229,233,232,208,231,54,46,221,122,125,121,50,119,214
18,247,55,49,31,24,26,286,47,258,284,52,300,248,250,301
169,273,13,3,180,17,139,280,271,133,181,9,165,149,132,275
48,6,142,101,1,53,98,146,151,42,145,43,110,103,2,4
74,80,67,64,65,82,306,73,307,308,303,77,68,85,86,75
264,187,261,263,245,183,222,219,234,216,241,192,190,249,212,242
119,269,78,76,125,265,124,70,303,308,304,268,120,266,305,75
150,118,111,263,249,178,181,145,131,251,172,134,253,97,99,170
238,193,234,272,191,242,278,192,92,270,279,87,89,235,182,91
262,273,43,252,275,322,324,45,277,319,247,261,46,50,321,271
287,206,199,106,101,197,222,116,297,220,211,298,216,302,202,115
158,126,294,292,127,291,289,11,155,10,154,157,129,2,128,1
212,55,54,51,219,295,286,208,13,213,47,9,4,300,285,6
84,260,83,179,259,240,241,245,176,264,165,82,85,174,250,246
214,209,21,201,203,221,200,217,19,33,57,30,59,196,62,60
63,176,218,137,65,66,151,179,171,139,177,211,219,221,136,67
62,61,56,232,325,326,124,233,324,125,322,119,120,59,229,231
217,201,21,33,249,203,28,263,206,34,199,208,260,212,253,222
4,74,5,73,193,78,1,300,9,195,287,290,190,75,192,302
173,38,234,180,246,175,197,196,41,202,242,235,35,36,167,200
322,16,11,13,234,290,324,293,285,237,246,326,240,321,300,17
143,157,42,149,138,162,286,150,46,301,284,45,154,50,295,155
208,167,166,275,172,190,218,178,276,186,280,187,211,279,222,191
102,34,61,184,188,114,192,195,19,59,108,118,57,28,58,27
233,216,214,232,213,274,212,272,231,271,270,22,18,32,229,31
165,81,168,83,25,86,37,21,24,80,174,38,39,20,181,36
308,66,249,304,196,306,203,206,65,307,64,63,263,255,257,199
221,267,209,126,127,302,294,268,220,296,224,130,287,129,265,269
9,5,253,248,1,103,261,104,262,100,202,200,15,110,197,201
194,116,242,106,193,241,53,99,54,182,185,44,238,105,245,43
49,52,73,48,92,78,51,111,93,101,109,87,90,117,74,77
3,298,120,299,124,98,297,107,12,6,97,2,122,121,288,113
181,185,136,270,195,175,165,182,144,275,193,279,142,277,133,173
161,44,213,49,224,103,42,104,107,43,211,162,155,222,158,112
63,38,255,229,67,35,258,232,66,64,36,249,233,251,41,231
151,196,203,201,110,265,105,141,197,102,111,132,268,146,269,266
115,134,238,117,114,166,108,138,177,234,168,135,240,149,169,237
174,308,304,109,306,218,220,208,172,179,113,214,101,178,97,307
83,84,167,86,248,254,253,82,171,246,241,259,170,235,245,180
131,45,24,186,140,191,139,51,25,190,52,46,22,188,143,32
75,31,70,256,73,27,121,77,122,250,124,261,28,34,119,264
145,209,200,221,199,206,23,29,148,30,219,147,26,152,202,216
272,322,20,33,276,319,128,126,321,271,18,129,326,130,19,274
187,4,189,183,59,8,57,87,192,62,88,92,12,58,89,3
144,151,47,130,49,86,129,127,84,80,43,85,143,54,128,133
192,34,201,29,116,199,197,196,188,101,109,190,22,108,32,186
184,150,50,149,305,307,42,142,182,193,52,51,306,145,187,308
106,152,219,149,180,221,103,139,165,140,110,181,214,118,173,222
293,15,291,31,44,10,51,7,295,1,54,43,34,289,29,25
292,285,112,233,231,67,284,229,232,296,68,97,64,104,66,105
270,196,277,125,267,123,197,265,124,272,269,121,203,271,200,266
28,254,177,251,172,298,32,290,23,286,294,167,27,248,170,262
108,324,185,300,115,183,184,100,299,321,322,102,188,326,302,297
2,256,3,192,48,187,55,52,250,257,16,42,195,191,6,255
216,20,88,128,87,33,93,127,130,89,129,212,22,21,211,217
73,36,35,161,169,166,158,155,178,41,77,78,171,162,74,37
86,261,235,247,305,306,82,252,307,85,253,242,303,241,80,240
174,49,47,201,179,206,50,202,175,45,246,199,245,238,176,237
109,138,58,113,61,276,59,107,132,275,62,148,147,278,273,117
259,261,129,190,73,253,254,130,127,185,128,75,74,192,70,194
271,41,56,37,38,59,39,58,232,270,272,277,233,229,62,231
246,111,208,103,26,235,222,100,241,220,224,27,237,18,116,34
264,211,219,221,273,213,278,184,193,187,260,274,275,250,182,251
324,49,55,263,322,50,19,249,257,21,43,24,326,248,325,30
292,108,289,98,93,285,111,100,287,91,251,263,257,88,258,87
143,140,214,222,212,254,47,217,252,136,49,264,48,150,54,256
271,19,276,23,275,13,146,1,149,26,14,11,133,277,135,29
242,265,268,241,246,219,218,267,224,52,51,55,240,266,45,216
40,202,171,203,39,35,168,36,132,167,206,145,138,139,196,176
6,9,18,34,235,194,191,234,237,21,12,33,2,193,245,186
124,125,170,180,232,231,76,233,74,73,175,123,229,173,121,77
187,211,279,280,184,182,262,213,220,255,278,249,221,192,259,273
217,220,292,269,265,51,42,209,267,44,285,45,289,266,212,301
183,232,233,251,255,247,231,127,130,129,192,193,194,264,229,126
252,134,131,139,253,60,62,56,65,64,58,250,261,135,67,68
167,166,218,137,214,188,190,222,180,213,132,178,185,146,133,184
263,104,240,260,3,249,1,113,262,99,241,13,246,235,10,115
303,216,306,324,224,321,276,319,308,221,304,270,322,219,279,271
180,52,253,48,258,235,177,174,53,54,250,242,179,237,247,238
167,62,166,303,304,307,306,56,57,74,181,61,75,70,73,176
209,219,218,277,275,326,245,241,279,274,325,234,319,240,221,324
217,214,233,208,268,266,6,232,229,14,5,231,216,267,16,269
68,128,276,66,155,129,127,271,162,64,158,65,154,130,273,280
168,171,23,186,19,31,184,41,36,38,173,192,39,188,32,175
292,44,287,260,136,301,254,296,47,55,257,134,45,141,140,261
107,144,284,288,291,103,22,26,299,147,115,143,148,99,29,30
172,193,185,189,169,201,170,191,197,200,120,203,124,178,123,122
298,289,102,293,199,111,206,118,151,145,196,137,295,142,116,202
122,119,289,297,185,188,194,23,293,120,20,18,25,294,184,124
32,45,50,54,22,67,34,65,82,86,83,84,66,68,27,55
301,12,13,21,246,302,30,245,292,33,14,234,16,19,284,240
287,209,237,241,235,216,238,117,291,290,108,214,211,103,100,296
145,2,41,36,220,131,38,208,221,15,35,212,134,152,3,5
168,29,232,24,166,222,231,224,229,219,177,26,171,233,217,31
196,154,161,91,308,93,304,162,87,155,305,303,92,202,199,197
70,265,267,77,286,75,285,59,73,57,266,295,60,61,268,300
172,150,324,169,322,170,135,280,175,321,147,319,132,274,273,275
174,56,105,60,98,130,106,128,168,126,61,107,179,127,62,166
272,303,102,307,305,114,240,234,246,280,245,110,99,277,304,276
235,200,146,237,147,241,36,149,138,38,201,40,203,41,238,206
120,124,278,232,162,154,273,233,155,157,229,231,125,274,119,275
212,43,76,214,73,49,208,265,267,53,77,268,266,47,70,209
32,21,135,34,55,143,141,50,172,178,45,173,170,139,29,52
284,199,196,296,108,285,117,197,66,289,116,64,67,202,68,109
22,5,19,184,7,9,104,113,195,115,26,6,25,101,183,186
224,4,145,218,142,33,17,148,24,16,20,221,30,132,1,219
249,175,54,257,169,150,46,144,176,44,256,253,51,165,151,134
322,111,185,326,220,217,325,192,97,324,188,118,222,187,216,100
91,93,177,181,83,247,80,89,248,82,250,88,171,261,81,180
308,304,300,307,39,290,104,116,295,40,36,37,286,303,108,113
289,149,129,127,143,3,142,137,5,9,301,292,1,126,128,296
152,167,29,271,171,275,30,172,136,19,179,133,26,276,274,151
261,176,252,192,322,319,189,180,249,253,166,325,187,324,181,194
140,93,44,51,91,247,48,145,89,258,92,147,47,264,135,263
82,33,293,294,86,34,81,285,102,115,83,25,117,18,97,302
277,13,12,191,255,280,7,257,278,251,272,250,16,184,193,185
241,62,202,199,68,57,245,237,235,63,67,61,56,197,66,203
298,232,115,9,300,229,6,231,233,16,102,12,286,99,288,106
279,130,235,145,277,129,245,147,246,242,271,126,275,144,128,149
237,152,192,186,51,50,234,143,137,146,55,185,241,194,238,49
86,113,173,175,116,80,181,105,83,285,165,84,299,301,103,297
121,166,267,119,170,308,269,177,304,122,266,305,180,120,306,265
211,322,201,70,213,206,199,73,212,321,75,324,76,222,200,319
178,169,17,100,107,258,172,14,101,117,264,253,1,15,171,262
92,296,90,141,256,289,250,293,257,135,142,133,87,91,252,295
111,104,19,13,48,27,2,34,97,43,4,109,46,3,53,24
214,158,190,184,161,168,216,162,221,179,208,187,193,174,155,167
64,217,58,270,67,219,61,209,60,65,276,274,218,280,68,56
6,47,173,1,30,31,5,175,43,21,166,55,10,51,33,169
124,63,88,123,125,64,93,303,121,67,90,68,305,308,306,89
273,272,5,162,271,231,158,11,154,233,229,276,232,157,2,1
219,92,208,35,120,90,36,218,119,87,124,121,40,220,39,91
110,250,97,199,254,196,249,187,113,206,263,183,192,189,201,107
278,154,147,145,275,100,273,162,131,157,101,274,108,161,102,144
143,141,42,52,98,188,105,195,49,135,138,186,55,191,104,99
59,260,257,92,62,249,57,27,93,89,18,29,25,91,264,61
107,192,106,136,132,194,140,149,187,174,111,165,183,175,110,181
240,10,246,196,7,234,200,8,137,238,151,199,148,16,197,133
189,272,276,172,78,180,176,193,74,279,75,77,185,277,190,171
284,12,291,301,6,245,201,299,202,203,17,206,237,15,241,235
202,105,197,137,139,206,116,103,145,201,24,34,28,32,106,152
270,158,263,58,155,279,262,274,249,60,154,277,57,258,157,56
8,219,186,208,16,182,5,167,187,166,7,213,174,209,191,179
233,91,232,122,119,231,120,121,92,12,14,87,17,89,229,4
47,105,99,53,98,287,54,195,44,297,188,299,183,285,100,184
80,85,83,265,268,266,26,203,196,206,81,30,202,32,29,269
104,25,31,241,161,245,235,158,103,246,157,34,21,154,97,110
166,17,181,179,33,277,11,276,23,28,280,4,9,25,273,170
83,93,45,209,219,89,88,84,85,218,86,47,52,90,49,224
246,189,2,191,13,10,220,190,245,222,211,241,213,186,3,238
26,51,263,144,31,21,55,18,46,261,43,264,152,134,247,137
173,284,274,302,14,172,180,279,12,291,272,176,294,5,275,8
121,304,129,130,127,120,307,119,60,58,59,126,306,122,305,57
44,217,208,195,259,216,194,254,53,249,250,182,221,192,54,50
27,154,292,285,158,325,324,322,20,157,24,321,297,155,30,289
206,145,132,187,265,193,268,135,143,199,188,266,269,200,183,197
233,147,131,298,299,229,196,232,133,202,293,203,231,151,201,288
168,171,37,65,76,78,38,70,40,64,167,39,68,66,169,75
17,212,218,2,36,147,39,12,7,142,214,151,38,152,216,41
116,302,296,105,134,249,299,146,260,298,254,113,106,138,132,259
231,183,184,195,10,232,233,275,271,194,278,1,16,270,229,5
161,185,89,190,91,92,192,4,93,6,193,15,3,158,157,154
44,46,297,319,174,171,286,289,173,321,301,169,325,47,55,326
220,59,211,74,258,57,217,209,78,77,253,58,70,247,261,62
49,54,51,18,33,126,127,139,141,129,50,140,29,148,130,28
256,294,255,84,82,290,300,83,99,257,98,117,86,102,250,287
177,303,52,306,167,68,43,308,304,66,45,67,179,53,65,172
200,269,203,266,26,32,189,182,206,24,19,268,188,265,199,191
123,119,137,181,176,150,295,120,284,133,292,178,135,125,293,166
274,196,272,222,201,224,136,131,276,143,219,197,145,213,202,273
261,100,85,67,117,264,99,109,257,81,251,66,68,63,80,82
197,203,102,157,155,70,118,111,74,158,202,116,78,161,196,77
190,217,220,43,44,166,45,187,188,222,172,49,221,169,183,177
168,106,253,115,174,52,51,112,171,262,50,180,46,97,254,249
260,189,209,212,278,256,185,277,270,273,258,211,213,255,191,195
47,42,167,214,170,20,29,24,54,175,224,53,219,218,181,18
39,37,119,121,26,200,123,27,124,40,33,38,201,25,199,206
149,269,267,237,325,265,234,146,135,246,140,238,266,324,322,326
61,231,232,229,247,263,233,34,259,250,19,60,58,30,23,59
90,303,4,194,184,305,307,87,15,11,192,5,91,304,186,93
291,1,178,301,179,294,274,10,271,176,279,285,173,8,275,6
31,22,114,21,289,138,292,293,132,108,148,28,107,144,104,297
206,179,200,166,86,301,199,85,175,302,298,202,284,84,178,83
42,188,47,299,12,48,6,296,11,182,191,192,49,287,2,293
107,128,278,141,129,277,140,135,117,103,143,271,105,279,127,126
186,65,190,63,184,68,265,14,268,7,189,67,269,3,267,13
149,263,212,218,136,219,247,253,43,55,220,52,138,131,44,249
21,27,144,305,20,273,307,152,303,26,134,133,276,275,308,280
30,114,322,326,110,113,23,33,40,35,34,101,36,39,319,324
185,16,15,194,251,17,19,5,252,31,28,195,193,18,254,256
300,22,240,25,289,4,242,1,237,245,32,290,10,295,9,29
234,162,261,111,155,118,238,246,241,161,108,255,250,109,157,257
50,70,76,53,120,45,123,90,122,88,77,51,92,74,124,93
286,288,112,57,116,229,59,61,232,58,106,231,233,292,97,285
301,232,299,229,206,162,155,203,294,157,196,297,231,233,154,201
136,49,52,139,73,78,42,50,40,35,37,77,70,144,151,41
6,165,147,17,33,7,148,166,34,24,142,146,175,2,26,170
54,82,269,46,268,81,80,265,83,51,235,267,47,237,240,245
31,192,118,115,194,248,259,116,19,250,30,263,190,21,107,191
127,68,93,66,92,124,121,64,63,91,125,129,90,126,128,119
29,14,59,60,322,326,58,27,319,13,4,321,61,12,23,28
188,22,167,168,20,101,103,171,184,32,98,189,109,193,177,18
214,241,106,298,99,209,104,292,217,246,295,211,234,242,102,293
303,111,213,187,306,221,307,304,113,114,185,208,222,112,186,195
212,211,145,214,51,42,52,148,3,137,16,147,14,10,219,48
56,62,58,142,150,133,146,202,197,201,66,63,67,60,64,196
20,179,26,47,289,43,176,180,299,24,284,172,29,287,55,54
194,256,143,117,152,182,258,185,193,140,99,97,118,138,257,259
31,229,260,252,232,279,264,271,249,18,22,273,233,231,275,34
30,274,326,261,270,277,21,272,19,248,319,255,322,23,262,325
81,268,267,120,86,93,265,90,269,123,85,87,89,119,124,82
292,294,199,178,296,107,165,112,115,105,174,167,203,200,206,288
295,129,130,298,77,32,75,128,297,127,73,28,293,27,78,33
175,218,177,45,50,224,263,217,170,253,213,49,251,168,254,46
37,154,235,157,162,306,155,39,245,304,41,241,242,40,305,307
29,306,40,305,74,18,76,31,307,35,41,27,78,73,36,304
145,43,142,140,301,279,280,54,291,298,278,270,46,141,42,287
57,58,273,277,173,166,113,272,60,172,115,107,62,174,105,274
267,111,245,266,117,240,108,234,194,265,182,242,118,269,188,195
200,16,6,52,196,49,45,199,28,24,11,9,51,30,33,206
221,322,184,189,321,213,186,319,192,222,91,324,87,220,93,89
235,246,121,124,238,2,64,65,125,66,17,4,241,119,68,1
146,151,144,175,26,53,22,181,25,44,180,170,139,48,23,47
110,168,116,106,134,247,257,176,261,248,143,150,167,137,178,97
109,155,114,104,126,101,128,162,297,129,295,161,290,158,127,296
203,177,5,201,169,209,171,165,208,197,7,218,224,202,8,13
83,86,20,99,102,80,193,84,19,191,183,185,100,21,112,34
53,126,267,129,54,148,266,265,140,51,135,143,127,52,128,268
179,166,274,269,277,284,278,292,170,291,267,265,289,165,279,268
12,145,256,9,247,167,258,261,138,149,7,142,15,181,172,174
304,70,73,306,307,126,222,209,127,211,217,130,303,128,75,74
136,131,183,140,64,139,229,193,231,67,194,232,63,233,68,185
273,103,272,201,18,275,112,31,206,114,197,24,109,271,20,203
27,83,80,117,113,252,253,26,106,30,81,32,97,82,257,263
326,104,40,91,38,116,321,39,87,92,111,107,322,37,325,88
251,173,178,47,46,42,176,260,248,52,259,34,23,21,22,177
245,237,133,242,184,190,189,10,4,11,144,195,141,240,150,13
299,73,286,279,74,78,306,70,274,276,273,284,308,297,304,305
172,22,3,170,181,31,300,9,21,23,302,295,180,285,4,8
83,140,186,18,86,33,26,147,137,139,24,191,82,84,183,193
291,234,107,27,28,288,29,113,246,97,116,240,30,298,287,235
254,263,197,91,200,117,104,93,108,251,261,206,90,103,199,88
168,250,252,109,175,100,5,7,13,255,253,118,15,106,165,176
37,57,40,146,59,62,135,35,41,46,44,55,150,58,145,47
229,48,25,51,237,233,231,19,43,52,238,20,32,241,245,232
11,177,6,280,16,128,126,272,178,130,275,167,129,166,10,278
201,196,14,53,202,50,102,1,203,12,49,115,110,17,42,112
259,158,266,325,324,265,157,264,267,249,322,256,162,161,321,268
262,64,292,296,120,301,68,66,123,122,260,63,125,248,247,289
275,271,55,279,186,265,47,266,193,52,188,191,267,42,268,272
60,246,324,184,187,322,189,190,319,241,58,59,238,234,61,325
231,217,82,232,7,220,213,233,81,2,229,222,10,12,85,86
91,251,166,276,256,278,254,277,171,93,273,169,89,174,264,92
127,180,44,128,43,173,49,129,235,50,240,172,126,242,237,179
248,262,5,115,177,167,117,17,247,103,11,165,175,98,253,14
252,195,8,194,19,22,259,192,255,185,16,250,34,4,32,13
206,176,158,143,197,178,146,168,155,203,154,149,170,200,136,162
46,120,39,119,123,38,48,35,45,122,53,68,37,64,66,65
28,257,284,33,132,137,293,144,131,287,25,263,298,260,261,30
110,3,78,101,209,107,219,75,1,76,9,15,73,105,212,211
224,308,218,199,118,216,202,201,104,113,196,306,303,114,307,208
184,40,15,14,7,102,194,192,98,106,99,36,37,35,16,188
291,154,293,162,89,87,93,285,84,80,88,290,86,157,83,155
234,125,206,110,201,122,203,241,111,100,235,107,237,200,120,119
136,294,297,232,141,46,233,231,143,229,50,284,286,51,135,47
299,97,175,292,272,108,168,167,114,289,300,280,279,278,105,165
48,287,13,60,57,59,2,44,288,302,55,298,3,9,62,43
76,134,131,319,326,140,77,240,325,324,246,242,78,75,146,238
216,214,30,211,152,149,138,219,148,29,26,202,199,197,27,196
249,45,303,33,42,304,18,49,257,264,21,306,308,247,32,54
262,129,218,224,183,255,130,212,213,185,254,248,126,189,187,127
104,112,133,222,190,147,193,118,220,195,191,137,113,217,145,208
30,28,66,75,26,70,74,65,250,19,78,255,63,64,249,258
120,259,148,119,182,147,185,263,136,125,253,188,257,187,132,122
33,25,213,186,224,20,183,184,286,190,221,24,220,288,289,302
231,229,268,232,277,197,274,200,265,206,266,273,233,270,267,196
42,292,171,295,178,53,48,142,44,167,293,150,131,176,141,294
88,11,246,90,15,7,92,179,240,234,181,93,168,245,173,3
98,169,118,46,165,97,180,151,138,45,108,51,172,140,139,52
252,83,238,40,37,262,251,86,241,235,36,85,80,38,237,247
279,261,278,135,145,27,29,260,256,143,271,18,280,254,133,31
199,285,298,130,202,300,128,297,201,194,127,192,191,189,203,126
7,252,32,137,12,28,18,140,258,255,4,136,5,151,23,251
115,51,176,112,75,52,105,174,180,77,55,103,172,76,78,42
130,88,127,91,93,325,305,128,307,326,303,321,89,319,308,126
267,63,268,102,101,241,98,97,64,266,238,269,66,237,235,68
56,57,50,62,189,188,61,186,44,48,54,211,219,208,218,184
82,294,214,224,301,40,81,297,41,222,286,216,38,85,39,83
185,191,242,245,187,271,246,274,190,284,296,277,270,293,234,295
253,53,11,168,264,249,13,260,17,181,179,16,166,49,47,43
175,248,171,155,158,161,254,182,192,194,193,170,173,157,257,263
232,169,178,200,300,229,197,302,298,177,165,285,201,231,233,206
104,107,221,220,272,114,273,121,212,213,125,122,119,100,275,280
34,299,288,2,292,25,8,117,116,14,22,118,6,99,27,287
259,255,224,212,4,250,6,242,240,11,16,221,234,256,209,246
199,87,92,277,88,82,279,86,200,203,197,278,85,81,271,91
111,288,109,285,101,296,241,73,117,238,245,287,76,237,74,75
301,27,102,295,302,108,290,98,24,53,51,99,42,55,19,33
8,17,10,136,319,138,20,139,25,133,2,28,324,325,326,32
170,286,23,299,5,181,292,173,14,289,22,9,31,176,18,12
275,273,253,272,267,254,268,274,260,265,180,167,179,175,269,262
177,127,258,112,257,126,128,172,107,168,104,251,264,110,169,129
229,43,118,52,47,44,196,97,233,201,232,114,202,113,206,231
7,15,157,261,59,249,161,162,13,263,58,248,158,61,3,57
188,305,307,185,303,217,67,182,65,222,64,308,220,213,191,68
3,11,245,16,151,219,220,240,152,234,242,141,211,143,208,12
304,98,307,118,266,49,269,267,308,306,55,45,105,265,99,53
103,254,47,257,201,51,262,54,258,97,116,202,199,100,196,46
249,224,276,277,168,217,213,181,273,261,169,256,174,274,218,264
286,197,28,290,206,87,92,89,33,24,203,293,90,285,31,200
125,284,121,172,179,195,187,123,299,124,295,188,177,301,180,193
319,149,78,23,321,131,73,25,29,18,70,146,136,326,325,74
267,287,102,269,108,229,103,232,289,298,104,233,231,265,268,295
201,325,149,319,118,324,117,203,148,133,322,105,136,199,113,200
84,208,168,256,263,86,81,82,174,166,220,178,211,217,248,252
33,63,27,20,30,64,50,1,5,42,17,9,67,51,54,66
101,300,193,190,138,139,184,111,110,116,135,302,291,141,299,187
75,53,308,125,52,77,70,306,49,48,122,119,76,305,123,304
129,57,61,127,258,126,155,154,250,130,56,261,161,62,255,157
193,190,86,274,185,275,268,265,279,267,270,266,81,84,85,184
47,325,135,48,132,248,252,140,50,133,319,55,326,258,324,261
171,254,250,166,23,142,149,147,169,180,34,22,262,19,150,260
62,58,113,264,111,155,257,161,57,107,157,158,253,59,251,99
13,9,206,143,139,33,151,10,200,7,137,32,30,26,199,202
201,197,78,203,220,77,196,273,271,272,216,76,280,221,75,213
263,211,18,247,21,255,259,172,217,181,27,176,24,208,167,222
88,245,234,119,124,120,5,235,121,93,12,91,87,4,17,241
300,2,8,177,178,11,194,297,165,16,188,295,179,191,287,189
286,3,15,294,67,301,238,63,290,1,66,64,14,237,240,242
51,146,232,45,289,298,229,233,131,231,285,42,144,292,138,43
299,12,233,231,6,113,106,232,111,3,116,289,301,284,229,9
111,255,104,12,9,202,103,258,5,206,248,17,247,197,107,196
109,256,261,98,44,169,170,175,55,108,97,260,54,252,168,42
273,325,171,61,177,326,270,275,59,174,60,319,57,321,176,277
303,118,285,110,199,288,200,201,203,101,304,102,298,308,292,306
297,192,183,30,148,146,27,150,188,138,294,299,189,296,20,18
269,268,229,267,265,233,11,83,232,85,13,8,4,231,80,86
272,250,276,279,127,278,209,129,130,208,214,254,217,128,253,259
263,264,70,68,75,64,63,181,178,257,167,249,166,77,76,67
114,289,287,162,100,302,116,47,284,45,43,158,155,154,46,113
1,10,211,216,123,122,26,28,218,213,124,3,21,31,119,16
241,219,234,117,112,25,221,222,235,19,99,34,212,106,32,242
173,35,90,87,165,91,6,36,93,7,172,2,14,179,40,37
275,278,183,190,194,68,277,229,63,231,182,233,232,66,276,64
185,78,73,90,92,93,301,284,285,195,191,289,74,76,186,89
308,175,174,305,136,140,306,130,146,166,141,127,172,129,126,307
321,58,57,218,86,319,325,326,222,221,60,62,80,83,82,219
27,247,20,184,209,21,224,192,187,214,263,31,208,255,248,189
259,40,6,9,131,256,2,137,36,38,260,41,143,253,16,147
300,240,298,179,168,181,158,241,162,157,169,246,302,245,155,295
125,265,124,122,10,3,268,121,8,235,234,267,266,1,237,238
144,15,142,4,7,149,22,28,290,18,294,291,33,288,150,11
165,49,114,101,170,47,176,178,261,103,42,250,106,262,50,257
249,254,213,297,287,280,211,299,212,252,296,270,271,274,216,251
241,112,58,246,234,100,123,59,104,56,124,120,242,62,119,102
55,209,151,100,53,218,212,42,107,147,143,150,106,48,221,101
258,252,44,233,254,256,52,231,157,51,229,232,158,161,43,155
265,266,220,267,325,86,319,211,84,322,269,217,85,213,324,81
235,308,234,306,246,63,253,259,304,237,64,66,65,251,249,305
125,302,113,291,289,103,41,40,121,35,38,120,110,300,119,109
203,112,196,188,201,206,3,98,13,191,2,15,195,111,117,187
17,12,141,140,32,25,170,165,11,31,4,20,179,135,146,167
74,139,60,105,149,56,70,59,108,144,77,75,118,58,152,114
7,34,136,6,137,28,285,10,288,24,132,29,131,297,14,287
199,241,128,127,129,202,88,93,90,130,240,242,245,91,197,200
280,97,277,26,115,247,102,104,260,263,274,262,22,19,278,27
255,184,222,271,224,257,208,190,272,216,192,270,189,276,261,248
88,201,251,263,220,258,89,212,222,217,197,87,202,91,254,206
179,194,46,27,52,186,193,172,195,26,33,177,48,43,34,169
80,141,252,248,213,81,247,84,136,214,86,224,216,132,255,151
295,287,31,292,21,234,22,298,246,18,237,73,245,76,74,77
305,49,273,44,131,147,280,143,303,270,50,134,308,51,278,307
192,182,218,262,57,219,59,264,189,62,61,250,256,190,209,208
269,267,289,232,183,185,266,231,268,284,233,191,229,187,301,285
249,181,259,275,23,30,260,279,180,272,271,168,175,28,261,29
64,149,145,8,16,162,150,68,158,10,161,135,66,13,67,157
137,139,140,55,142,45,128,127,47,104,130,103,129,108,54,102
319,196,200,116,240,109,238,97,241,235,322,199,321,203,324,112
294,32,38,24,138,293,19,290,36,41,144,133,25,148,291,37
114,154,39,161,35,103,36,284,100,300,290,302,40,105,162,155
126,83,127,128,325,130,81,233,86,229,231,326,324,322,232,80
221,192,182,25,291,222,217,286,187,285,27,194,31,211,301,18
51,118,111,33,237,241,45,32,43,104,20,113,234,49,235,28
245,101,102,57,242,59,47,48,53,58,238,56,98,55,240,112
88,54,287,92,288,52,299,278,292,272,93,87,270,279,46,42
247,208,224,19,26,190,186,22,220,24,218,264,185,250,261,188
34,70,254,209,29,212,78,73,263,256,216,21,23,252,74,219
174,175,307,276,200,178,308,305,274,280,197,202,203,181,273,306
189,63,166,184,165,193,177,169,120,64,121,191,66,119,125,67
135,147,196,295,265,206,142,267,293,201,266,268,297,152,289,199
10,179,15,171,260,170,106,117,262,107,109,255,11,9,259,176
133,122,181,119,70,167,125,140,76,139,120,176,78,165,138,77
144,108,197,26,21,135,105,202,133,111,18,141,101,201,24,206
186,209,245,272,212,235,277,242,189,241,275,185,280,188,221,224
191,233,231,129,142,192,182,147,126,127,232,130,187,149,151,229
183,48,190,52,196,194,254,257,199,200,203,263,193,45,251,53
234,15,252,11,237,7,167,256,174,255,170,169,259,6,240,238
44,269,46,268,55,265,303,305,266,113,304,54,115,308,107,99
131,32,50,4,43,30,34,16,13,49,132,28,140,8,47,134
40,119,302,38,287,121,39,41,273,271,289,294,274,270,124,122
65,67,84,22,85,157,86,155,83,158,68,33,25,64,31,154
220,222,75,301,260,250,285,290,261,247,78,73,70,214,217,293
292,19,1,150,146,145,300,20,12,29,137,284,10,3,297,27
139,324,57,58,138,179,61,168,176,152,59,325,326,143,321,172
134,46,48,44,143,125,42,120,140,138,123,28,19,22,119,31
4,189,277,60,17,192,273,193,6,184,13,62,56,61,279,280
25,67,110,102,20,68,29,224,214,63,113,32,216,217,64,98
218,263,12,8,221,211,232,14,252,233,256,209,231,229,16,259
265,11,7,267,136,152,118,3,268,108,150,111,269,115,151,5
9,40,36,296,199,35,206,15,2,203,197,37,300,1,291,297
158,286,162,157,294,176,180,170,262,248,302,154,299,254,165,249
116,77,75,241,240,109,234,103,181,235,74,105,178,177,70,167
307,81,305,80,322,325,83,303,276,275,86,272,324,274,304,326
117,284,196,27,290,200,107,285,24,21,106,30,202,201,288,99
127,90,92,245,26,18,128,246,34,237,126,129,89,87,238,33
293,43,298,51,101,295,97,112,169,45,114,54,179,173,175,292
75,54,261,78,43,295,253,52,77,51,297,263,257,70,300,291
3,8,305,22,26,32,10,18,308,212,222,307,306,209,220,5
9,322,125,124,4,287,319,290,326,122,289,121,288,325,1,17
180,224,256,25,247,213,260,248,24,170,30,29,211,168,214,177
250,6,7,262,181,12,150,171,264,140,138,173,169,249,2,147
158,252,128,237,154,162,254,255,155,129,238,130,259,127,235,246
218,269,265,221,101,15,13,102,268,11,208,14,112,109,266,219
33,234,133,152,37,19,240,41,242,27,245,39,134,148,40,21
68,188,64,55,182,206,42,183,196,200,197,67,66,44,45,185
191,87,233,92,189,232,299,187,231,229,284,192,302,90,293,89
199,276,190,201,48,202,277,53,203,47,271,195,270,193,186,46
296,81,62,279,285,86,84,83,60,280,58,301,294,272,278,56
23,115,25,35,21,107,15,114,38,8,102,34,5,37,14,39
233,120,237,242,232,241,191,229,188,119,235,125,231,184,121,186
97,9,251,100,135,3,6,136,247,250,111,106,255,7,142,152
43,82,85,267,269,81,54,217,268,214,48,52,83,219,266,220
218,322,212,76,221,270,279,75,321,277,77,78,319,325,209,275
286,31,27,61,146,59,287,26,301,20,144,58,150,56,149,285
113,139,116,141,103,290,180,151,289,296,169,284,147,177,117,167
292,199,200,288,203,302,22,47,28,50,18,24,45,201,46,294
148,87,53,193,51,132,134,145,189,90,93,88,190,55,192,44
238,64,68,182,187,66,308,65,306,194,245,304,246,195,234,305
213,126,216,278,158,155,272,157,129,127,211,154,224,274,276,130
197,33,196,99,300,32,101,29,104,110,291,202,299,30,295,206
180,128,129,116,170,104,17,169,7,108,101,6,168,130,127,2
177,18,151,134,10,24,4,28,1,175,31,148,166,3,176,147
68,67,39,36,26,20,42,64,65,40,41,22,44,48,34,46
133,144,305,194,303,183,191,247,307,253,192,139,256,304,142,261
248,298,287,252,146,149,132,286,255,197,200,263,299,150,206,199
52,171,174,272,276,319,173,273,325,324,326,53,51,172,47,274
189,121,131,54,123,49,152,182,187,120,135,141,45,186,50,122
162,56,272,154,277,60,286,279,57,294,297,276,62,155,284,161
220,196,211,200,218,199,14,32,34,16,20,2,13,33,202,224
18,293,40,291,19,37,140,29,144,26,141,296,152,292,36,35
248,118,3,149,139,247,6,117,11,147,111,133,97,262,252,8
180,174,88,92,44,51,242,246,235,90,91,54,176,241,47,178
52,325,43,50,128,130,68,126,326,324,319,127,45,66,65,64
173,172,267,217,177,170,132,148,212,145,265,219,269,268,214,137
80,84,82,259,213,257,216,75,74,250,86,222,78,70,261,221
22,28,23,179,166,122,175,123,285,167,120,290,119,299,24,298
300,305,21,25,304,31,171,295,27,181,301,169,306,303,168,302
131,231,229,232,138,100,10,135,143,116,99,233,17,106,7,4
197,271,237,9,203,15,12,5,206,270,201,245,278,240,274,234
263,262,98,103,169,179,258,180,171,9,13,115,252,1,3,104
245,51,141,234,149,240,148,131,47,50,168,237,165,173,178,49
170,11,176,12,299,4,183,190,294,7,301,187,175,167,287,195
174,151,247,107,97,147,133,181,251,177,172,250,118,142,259,117
70,20,17,272,32,271,279,74,78,15,76,16,2,27,280,21
200,83,84,86,202,85,267,277,199,266,265,278,197,268,270,274
129,229,128,126,127,61,62,57,203,233,232,201,59,196,206,231
221,165,216,54,224,173,42,46,241,176,242,246,174,55,238,218
306,202,75,70,307,233,196,229,305,308,231,197,78,232,77,203
138,117,297,292,45,52,145,296,287,98,48,135,115,149,118,53
126,267,268,269,129,188,27,18,184,130,127,34,182,30,185,265
134,180,114,111,110,222,175,143,217,214,116,219,133,170,144,179
157,161,172,178,154,151,57,60,167,162,150,181,58,62,131,137
289,250,256,299,17,191,183,190,295,5,291,11,2,195,262,257
206,254,260,326,321,199,7,6,252,324,200,15,3,201,251,319
106,189,124,123,113,10,99,13,4,187,122,120,192,108,16,194
261,112,101,259,240,237,139,245,102,132,109,264,146,248,235,136
12,14,171,105,100,278,166,177,279,104,107,1,273,168,8,274
47,90,84,91,49,152,43,80,141,82,92,86,147,88,140,50
82,81,189,289,176,291,179,83,183,195,294,192,173,84,300,172
256,41,38,112,306,262,36,304,107,35,303,308,255,106,99,249
43,177,114,165,196,166,109,200,98,203,206,53,116,171,51,44
297,301,296,108,117,111,55,248,260,263,258,284,49,47,101,48
14,186,12,197,4,201,122,193,190,121,199,120,194,202,119,16
46,115,264,167,113,259,118,169,251,97,52,170,50,261,54,175
105,100,245,234,89,23,20,91,29,93,237,88,32,104,103,246
269,216,326,321,25,224,27,265,324,220,30,267,218,319,31,266
290,148,285,152,128,126,293,142,129,61,286,59,130,144,60,62
211,208,250,272,136,222,213,257,151,137,279,253,275,134,277,254
65,232,187,276,182,67,184,271,185,274,63,68,233,231,280,229
162,292,77,157,74,158,288,214,73,78,219,302,154,217,212,299
288,145,116,289,134,301,143,139,107,47,111,50,112,48,46,300
264,150,169,138,172,254,12,250,3,13,9,179,170,151,148,256
91,93,278,277,34,92,30,270,165,19,28,276,178,166,87,180
42,190,62,267,269,266,52,49,265,61,53,192,185,183,56,58
196,293,43,285,193,186,197,290,286,194,182,199,55,206,45,51
238,325,324,73,74,322,75,234,67,246,241,77,65,66,63,321
184,232,229,201,200,155,161,188,158,202,231,187,154,203,233,195
124,33,121,24,308,40,120,35,36,306,125,305,307,38,21,23
208,20,129,221,29,32,26,211,218,252,249,127,263,128,258,126
238,36,241,172,166,35,240,40,176,170,208,218,41,224,237,221
266,126,268,15,16,267,290,130,129,8,298,288,127,291,5,269
188,86,248,103,255,83,194,99,100,256,81,84,263,108,184,193
258,2,171,203,7,196,180,200,13,251,17,206,169,168,249,247
189,88,190,306,183,89,149,307,305,93,138,132,90,192,308,143
119,173,12,144,133,124,151,136,14,167,165,175,122,120,1,6
181,177,148,45,145,174,146,46,234,245,53,246,178,135,242,48
280,185,195,65,101,97,182,66,191,67,272,273,275,104,68,112
114,201,197,20,110,50,18,111,199,43,107,25,47,26,44,202
3,54,75,77,279,9,76,4,274,42,11,277,70,55,52,276
134,136,46,54,76,74,47,52,75,110,105,140,104,135,97,70
118,102,126,183,182,100,193,129,98,307,127,187,306,130,308,303
10,154,157,2,271,273,200,206,161,7,278,155,8,202,276,203
26,234,178,165,289,290,237,34,292,246,32,27,238,176,179,285
42,224,29,51,33,67,23,43,218,66,63,49,209,22,64,221
260,21,114,30,24,138,20,109,148,257,150,262,249,112,144,111
83,185,84,170,194,172,171,197,201,166,81,188,196,186,199,85
213,99,302,108,222,279,216,275,299,106,274,272,113,211,297,287
92,254,93,61,58,90,325,324,255,60,321,322,264,251,88,59
184,190,233,229,247,212,258,252,232,231,208,191,220,192,217,261
1,12,45,48,242,235,286,5,294,245,241,288,44,291,55,9
268,122,115,265,38,121,269,116,36,117,35,125,107,266,37,124
237,15,53,287,299,50,298,46,238,285,51,234,14,17,245,2
111,246,106,260,110,93,242,251,240,264,88,92,105,90,252,241
111,240,201,57,115,245,199,104,61,202,113,56,241,197,59,234
26,17,151,299,286,29,27,287,150,13,139,143,30,16,293,6
142,246,238,145,92,55,50,88,235,242,87,44,141,91,135,42
294,140,259,302,189,191,152,258,190,255,253,148,285,146,185,288
196,181,322,144,203,175,319,133,206,321,178,200,326,136,149,165
137,102,134,124,98,78,119,76,123,73,70,122,106,100,147,132
213,224,296,276,222,261,271,219,274,297,279,250,301,292,264,252
82,86,232,270,273,112,275,101,231,108,116,85,280,233,84,229
7,157,53,24,9,51,154,155,12,54,43,19,32,158,14,28
300,64,63,109,298,66,110,290,67,97,306,303,304,284,305,114
216,21,221,193,38,39,212,23,211,184,36,18,187,35,31,182
49,197,229,231,232,206,6,196,9,202,48,51,1,47,16,233
11,84,195,194,235,190,234,14,191,83,82,240,10,85,7,238
179,30,249,32,22,252,257,100,166,250,102,106,21,108,171,170
18,289,301,24,173,181,299,2,23,300,174,8,4,20,169,5
89,90,271,242,87,200,91,201,199,278,276,245,237,279,203,246
286,254,268,265,296,217,247,269,260,264,224,288,213,267,287,220
123,73,75,124,78,258,253,119,263,127,70,126,125,130,248,128
261,52,178,229,55,53,231,171,252,232,44,233,254,180,257,174
74,34,301,77,25,76,238,285,73,302,245,30,287,235,242,22
15,211,155,157,154,192,162,8,193,212,184,224,182,217,13,3
88,319,216,200,322,196,321,203,220,89,214,93,209,324,202,90
213,24,27,99,218,222,206,23,201,199,98,32,102,219,197,114
284,168,291,2,165,290,14,181,6,295,175,145,142,150,144,12
36,90,37,52,88,53,189,93,91,43,40,51,194,190,183,39
137,293,143,294,303,240,242,238,304,237,134,291,286,305,306,133
180,32,172,24,171,19,233,231,229,232,22,101,117,112,105,170
33,25,253,107,20,113,168,110,28,256,264,165,179,103,178,249
321,184,63,235,324,325,66,245,246,326,234,68,187,64,186,188
157,154,206,102,203,97,301,289,196,155,197,298,161,296,104,116
221,211,216,80,167,82,119,124,84,175,86,181,120,121,166,214
199,201,213,218,129,127,217,208,75,200,126,202,76,73,130,70
34,135,31,152,292,151,284,287,295,254,258,26,148,255,29,248
286,49,13,43,206,200,202,201,10,55,8,287,296,48,297,9
108,148,113,146,174,261,264,134,170,150,104,252,111,256,169,180
218,220,162,233,231,132,158,217,157,232,135,229,161,144,209,142
151,99,280,140,255,271,110,262,249,137,143,250,115,275,109,279
186,194,107,248,257,34,98,20,258,100,24,97,31,184,247,188
51,39,75,70,16,4,37,15,41,45,35,6,54,78,76,50
91,291,92,295,238,87,181,290,234,235,178,165,89,299,172,245
58,47,241,57,237,52,224,60,246,62,44,216,219,221,53,240
322,284,203,267,321,199,269,266,324,285,326,197,265,302,196,298
106,101,112,214,1,173,212,222,114,171,17,5,211,179,167,2
139,14,133,302,16,145,295,144,187,288,6,13,186,195,191,291
265,325,319,280,272,266,267,269,322,270,24,31,277,326,27,20
114,221,102,199,196,211,101,137,209,107,142,213,143,134,206,202
238,182,235,92,192,93,188,222,214,219,89,208,91,234,241,190
40,28,36,106,174,177,100,29,33,37,39,110,105,181,21,171
169,46,168,229,178,45,44,22,233,18,52,180,231,19,26,232
203,242,237,2,158,161,7,12,1,201,197,157,200,154,240,246
60,173,305,109,99,306,170,58,308,303,175,56,62,116,112,165
128,98,120,119,129,103,124,65,130,64,67,125,113,111,68,127
212,172,54,42,11,179,10,167,3,217,224,220,51,166,15,55
81,25,48,5,32,85,86,34,49,4,30,17,82,50,53,9
73,149,77,70,275,74,140,148,271,104,273,278,115,108,152,97
326,197,29,24,147,201,134,325,143,203,33,202,30,322,319,152
44,251,254,31,27,23,298,20,52,286,296,42,259,46,249,293
84,162,8,55,86,2,9,83,85,48,47,11,161,154,158,45
151,149,142,14,247,4,140,245,235,260,1,252,246,5,242,256
206,87,88,265,269,91,59,199,196,268,200,61,60,267,56,93
271,98,250,255,107,114,274,97,221,263,280,219,218,224,257,277
170,37,179,51,253,262,39,43,54,258,180,50,174,38,248,36
295,108,16,240,294,241,234,291,3,118,290,10,15,103,238,104
187,43,52,147,133,184,218,46,188,140,55,146,189,221,213,217
77,212,220,30,293,209,22,74,288,73,25,285,31,287,224,78
258,289,148,300,296,142,176,175,143,178,141,298,260,247,264,180
201,192,186,197,4,126,206,130,14,6,202,9,128,185,193,129
177,5,17,34,165,167,173,10,41,27,37,28,39,15,32,36
291,53,295,302,254,91,90,42,93,45,301,253,255,51,256,88
50,29,8,262,23,18,13,49,1,16,48,250,47,257,261,26
161,235,154,2,138,234,144,3,157,246,135,7,145,240,162,11
229,269,85,265,208,211,219,232,80,268,231,222,84,86,233,267
272,292,60,270,67,290,299,61,274,63,276,56,59,68,65,297
196,248,200,280,271,307,308,303,199,277,251,203,259,306,252,279
324,322,121,183,190,122,125,194,168,319,325,120,174,170,191,179
172,145,152,174,143,171,254,258,298,286,173,251,261,297,136,293
83,18,289,294,80,33,70,29,76,82,31,84,287,291,74,78
38,303,152,144,39,325,322,319,35,324,304,308,36,146,306,149
3,137,7,221,181,220,169,208,222,15,177,134,143,142,9,166
197,92,66,93,196,155,87,157,154,89,158,64,68,67,201,206
76,44,49,77,43,54,237,249,245,261,247,73,253,242,240,70
2,251,255,14,12,275,272,5,256,271,248,42,47,55,51,270
100,112,176,292,252,264,287,178,254,296,113,173,250,170,105,293
180,148,129,174,128,145,167,111,175,139,116,151,99,110,130,127
288,23,300,1,28,290,10,27,299,191,194,21,189,17,8,188
238,50,98,115,46,241,234,104,52,82,80,81,235,48,109,84
122,217,266,200,218,265,209,124,268,123,125,203,213,202,269,199
231,179,171,301,30,232,19,34,229,165,24,168,233,286,298,284
262,58,297,295,59,61,260,291,16,6,4,56,11,259,285,257
259,261,292,254,109,130,101,249,102,98,298,290,127,128,129,289
86,58,202,200,199,60,221,203,57,209,83,81,218,84,56,217
149,195,68,157,158,147,152,154,184,146,65,186,64,182,162,67
168,279,276,121,169,273,171,124,122,138,135,140,277,119,173,133
21,117,145,257,260,97,28,26,100,116,148,263,23,247,151,141
235,114,196,206,106,241,319,104,201,197,118,324,246,326,325,242
190,19,191,180,188,113,165,112,20,103,18,174,185,27,166,110
233,269,238,3,267,4,240,231,232,229,234,245,13,265,8,266
29,30,89,87,43,177,33,34,178,90,172,46,45,88,50,181
293,49,192,183,224,54,288,194,222,193,214,42,213,299,52,294
51,305,307,44,70,36,76,37,47,35,73,41,306,48,303,75
257,132,23,252,145,240,146,245,234,256,30,31,24,264,237,135
172,33,176,250,133,152,139,22,259,253,27,138,260,173,175,18
298,325,222,162,319,157,324,302,326,214,297,301,213,158,208,155
233,40,10,182,231,229,38,6,193,187,232,183,37,2,7,35
50,53,89,48,15,88,270,277,87,13,278,17,55,11,92,276
267,238,241,269,246,57,266,265,52,58,62,242,44,61,46,47
251,247,186,82,83,84,4,5,3,86,184,190,249,9,262,185
123,147,142,140,126,120,119,125,149,127,206,197,200,130,128,203
217,294,285,219,14,28,212,19,8,299,224,16,293,12,25,21
216,105,20,32,117,211,220,29,305,307,306,34,107,111,218,304
202,201,74,137,73,194,195,141,75,199,191,134,144,78,196,188
68,67,43,118,151,103,51,136,45,49,64,114,148,63,150,106
88,93,43,267,90,50,91,46,181,266,170,172,55,169,265,269
237,22,11,25,3,278,28,241,2,275,271,245,276,246,6,27
235,52,39,262,38,37,261,51,35,49,249,240,45,242,234,259
76,129,130,74,113,70,98,110,128,57,60,127,62,56,77,100
115,219,114,208,214,48,206,97,224,203,200,199,47,54,44,102
254,133,31,255,32,187,145,23,260,18,194,146,191,186,264,147
274,120,124,177,125,122,247,173,257,272,258,167,279,175,280,252
289,290,15,1,176,168,138,295,179,143,180,4,134,285,13,142
222,7,106,216,16,201,220,111,101,9,196,197,202,116,17,211
229,233,84,232,307,82,303,304,81,137,308,132,86,151,231,140
178,150,174,10,139,166,144,33,8,24,14,30,26,141,12,171
221,64,157,213,322,212,162,66,325,217,63,158,321,154,326,65
54,43,179,48,61,60,46,292,168,165,287,57,62,170,285,290
32,166,116,33,180,167,106,271,272,273,181,21,97,29,277,105
324,151,325,143,174,158,152,319,139,172,154,157,322,171,177,161
70,53,298,268,301,76,44,78,75,302,267,300,265,45,269,52
182,148,304,295,138,294,284,305,306,189,289,186,136,188,149,303
111,6,132,7,113,274,280,107,15,270,146,275,137,13,140,109
263,9,258,98,10,147,1,17,103,133,135,100,117,145,260,257
216,29,111,102,98,34,117,224,208,20,253,209,258,22,254,257
24,47,19,15,44,188,1,192,182,33,52,23,3,183,17,53
275,270,30,81,110,276,83,80,115,32,85,273,21,104,113,18
268,255,250,195,265,269,259,189,232,186,185,267,249,231,233,229
271,277,279,202,245,155,246,234,272,203,162,242,197,157,154,199
241,220,109,114,238,219,260,264,252,112,100,235,237,251,221,218
130,16,59,7,179,178,13,2,128,181,62,56,170,58,127,129
97,68,99,63,64,45,43,106,103,49,66,89,46,93,91,88
214,289,284,211,222,41,301,165,285,35,38,39,176,175,217,169
76,190,194,75,302,196,77,191,73,206,299,200,201,298,286,187
101,108,51,173,304,305,171,168,42,55,177,118,116,307,308,54
256,122,319,325,248,321,262,26,263,123,31,27,28,119,120,324
293,241,64,63,68,288,286,195,67,289,235,192,246,182,186,242
325,34,24,138,137,140,254,248,148,31,326,249,29,264,319,322
22,99,53,267,27,45,33,268,265,30,105,266,44,103,112,52
279,39,17,40,8,274,277,23,28,35,275,1,25,20,38,13
59,82,233,60,80,213,58,57,232,217,231,229,220,84,86,224
253,307,161,125,158,162,303,154,306,119,308,122,258,120,260,261
131,104,101,109,147,114,262,15,16,133,257,7,135,11,259,256
196,190,203,50,183,141,189,191,43,201,136,54,202,132,48,149
76,73,93,218,88,91,129,216,78,126,130,127,89,212,222,74
287,285,102,108,14,146,301,152,12,300,150,10,100,143,9,106
209,240,238,219,221,234,245,184,193,194,187,247,211,263,252,255
145,6,197,5,200,139,4,144,32,18,206,19,2,199,21,151
224,211,293,1,202,6,203,206,4,299,8,294,219,197,301,214
15,93,51,90,87,88,42,50,18,21,55,32,13,2,7,34
83,305,85,240,86,27,306,80,245,241,24,33,246,307,20,304
242,186,185,237,233,231,125,229,124,122,119,232,182,190,234,238
104,208,201,109,199,200,64,220,67,63,105,196,110,218,65,213
278,102,19,250,23,107,280,31,25,100,271,106,264,272,262,256
128,22,127,59,321,319,28,57,26,29,61,129,326,62,130,324
54,131,45,151,284,147,48,52,5,291,286,9,11,17,288,136
167,184,118,117,70,74,73,112,177,180,194,76,189,195,101,178
108,41,298,290,37,300,99,295,254,260,36,263,114,38,111,253
183,135,152,162,158,137,154,266,192,269,146,268,187,265,161,188
238,81,325,245,166,319,82,84,178,321,234,324,181,83,242,177
263,26,213,253,219,247,216,33,249,29,146,143,222,152,140,32
290,40,19,41,36,271,275,24,270,31,292,273,38,301,21,294
173,220,1,108,212,99,100,13,218,2,221,98,176,5,172,170
295,298,300,123,180,261,165,119,124,259,179,175,122,252,289,255
202,18,232,60,59,57,229,196,231,25,22,27,56,206,203,233
150,20,28,23,258,97,257,132,30,264,256,118,133,104,145,109
168,90,262,171,4,248,167,169,254,250,16,7,89,11,93,91
235,224,77,14,246,237,209,217,17,78,240,211,10,6,70,74
184,127,200,128,201,197,129,199,48,194,52,49,126,192,187,44
267,306,304,186,191,303,158,162,185,266,308,269,154,155,265,183
190,302,8,3,195,188,182,9,63,66,286,67,12,288,68,299
22,174,201,172,18,220,221,218,173,199,206,32,31,168,203,224
202,247,307,200,149,145,196,138,259,256,135,305,308,250,303,197
114,167,129,128,213,219,216,177,211,97,103,127,178,118,166,130
180,5,181,9,214,112,104,99,208,106,175,169,212,16,222,8
189,194,274,261,248,242,271,273,182,255,237,245,241,252,188,280
34,13,238,23,33,229,7,25,232,231,246,234,6,11,233,235
81,40,49,68,85,46,38,82,54,64,63,80,67,39,50,41
52,92,44,326,90,29,51,91,42,324,19,321,24,28,89,325
76,77,70,111,161,155,48,162,117,100,55,75,45,116,154,43
292,61,287,58,279,122,290,123,270,278,60,125,285,119,56,277
20,186,2,27,183,98,195,108,14,15,3,107,26,190,30,101
115,265,192,176,184,109,267,105,102,187,191,268,269,179,165,171
34,199,23,201,252,116,113,200,202,19,97,110,18,261,255,248
257,264,35,70,15,74,16,40,9,256,7,78,73,36,37,250
5,181,174,6,132,169,139,258,3,145,248,14,262,261,167,147
121,119,190,277,273,214,183,211,279,123,182,212,274,122,208,185
306,53,307,126,305,105,51,102,128,127,130,304,54,112,100,46
28,222,220,30,238,213,246,221,13,242,25,2,235,17,1,18
178,84,158,161,162,154,83,82,266,265,173,81,268,176,171,269
231,170,165,166,168,61,57,232,233,237,229,240,241,234,56,58
192,238,190,241,15,18,188,242,33,20,191,3,6,28,234,9
278,46,48,231,107,53,229,99,272,116,43,232,270,233,274,101
251,108,263,257,248,73,212,75,114,76,117,220,219,214,100,74
85,266,10,303,268,80,307,306,14,265,267,84,86,305,7,8
209,256,293,105,249,111,255,302,211,295,208,222,103,291,262,115
168,279,172,271,130,273,284,169,128,298,129,178,275,290,127,300
141,319,321,44,194,42,149,145,148,186,322,54,326,189,184,50
264,111,106,256,140,135,251,74,116,73,78,110,152,70,255,132
36,202,175,199,325,169,39,319,321,200,324,177,178,35,203,38
86,117,235,293,292,84,242,302,100,82,237,102,240,301,115,83
150,167,182,195,44,172,139,190,46,137,48,53,165,133,166,187
88,297,52,89,129,295,50,43,130,128,126,298,42,87,285,93
17,267,294,286,201,4,268,265,300,1,289,196,269,197,5,206
63,61,8,68,6,170,176,14,174,59,64,180,11,65,57,58
224,211,105,221,144,183,217,98,194,192,134,147,191,138,97,104
306,109,161,28,155,303,308,162,154,32,112,26,108,27,107,307
275,55,277,49,232,229,234,241,246,280,45,51,233,231,270,245
279,212,141,120,123,145,273,148,222,208,276,219,278,119,125,136
184,173,24,259,254,33,171,23,263,193,168,181,188,248,34,189
114,238,3,109,2,111,240,246,14,166,234,104,179,175,11,180
1,297,17,36,247,37,292,261,12,13,38,302,251,40,289,259
124,203,265,271,196,269,197,267,275,120,119,266,201,274,121,276
250,49,73,75,260,90,258,50,92,45,70,88,42,89,254,78
272,62,30,99,117,101,33,278,277,59,57,25,270,21,107,61
141,185,172,173,131,168,186,187,133,222,219,146,190,217,177,208
322,65,174,326,256,263,64,176,249,66,319,262,68,171,178,325
257,221,183,135,213,253,216,148,143,184,264,248,214,139,191,189
229,158,155,193,233,308,194,307,306,162,188,232,305,192,154,231
165,7,4,298,212,300,169,6,291,284,170,16,181,211,220,218
113,83,116,149,126,81,85,140,97,128,103,134,138,130,84,127
245,112,132,118,108,199,237,202,206,242,200,110,145,147,136,241
83,32,287,171,82,18,293,297,175,34,172,166,81,33,298,85
295,45,235,127,234,128,43,129,242,301,291,285,49,130,55,246
190,250,98,191,264,251,66,97,113,114,64,63,68,263,192,182
137,125,245,142,48,241,120,135,122,152,54,53,42,121,238,240
88,92,203,155,196,93,200,201,162,290,299,294,157,284,90,158
233,218,212,232,62,319,321,322,58,213,59,326,211,231,61,229
31,1,249,262,248,22,6,19,189,186,28,194,10,13,261,195
134,75,131,76,247,7,259,140,143,15,74,254,12,73,252,14
82,70,39,38,74,80,158,84,161,37,77,83,162,75,41,157
202,18,23,7,178,200,13,206,168,32,203,12,174,24,8,180
212,63,65,118,109,257,224,262,66,219,68,248,260,104,211,116
43,129,10,234,245,128,127,1,51,14,237,45,47,126,9,240
170,173,133,267,148,142,171,290,288,165,146,287,265,269,302,266
246,258,107,235,114,220,103,101,253,218,241,242,251,263,208,214
166,279,175,167,55,275,197,199,196,54,270,201,48,273,52,177
3,2,276,186,11,277,17,271,255,252,256,190,188,194,250,274
120,254,121,326,321,292,322,299,296,259,319,119,249,124,285,247
221,209,53,144,49,213,50,44,152,145,189,191,151,217,183,195
16,169,297,15,300,102,108,4,301,176,110,181,179,5,113,295
307,105,111,59,97,291,294,284,308,304,61,289,305,62,99,56
202,220,256,259,206,27,203,253,32,196,25,218,262,213,211,20
193,199,188,200,266,158,189,268,267,201,197,191,157,155,154,269
264,31,30,12,257,258,75,74,13,2,77,29,263,4,76,33
144,133,254,252,248,190,260,137,194,19,26,195,18,187,143,21
9,55,166,44,175,299,7,286,174,52,47,6,296,179,289,11
245,82,246,234,81,5,17,83,321,324,319,84,14,326,16,240
63,273,35,301,287,277,274,64,284,36,65,39,37,279,297,68
150,221,101,105,214,208,280,275,151,131,216,104,271,270,142,108
129,103,238,28,24,107,110,241,128,23,130,22,237,242,126,113
220,221,125,49,209,303,211,307,306,43,119,122,120,50,304,54
104,111,29,172,12,27,168,20,108,166,118,21,1,3,7,170
300,191,58,287,57,107,189,112,193,182,289,116,61,60,114,285
110,93,103,319,324,88,38,91,35,102,36,326,106,92,325,39
9,32,11,28,16,269,268,31,267,197,2,33,265,196,201,200
248,55,63,126,128,48,264,249,129,64,66,67,255,51,46,130
158,257,109,100,115,234,105,237,162,240,238,260,155,254,154,253
250,259,279,18,261,30,273,270,15,5,22,14,19,6,251,271
8,17,301,212,73,297,224,295,4,74,208,288,75,219,10,78
216,117,218,101,113,45,262,44,252,256,99,214,52,213,42,247
133,302,146,233,138,86,292,291,80,229,85,82,231,232,142,298
305,86,266,304,306,81,307,265,269,80,248,268,264,84,251,261
76,58,144,137,149,70,57,196,62,74,56,197,75,201,139,200
262,218,148,255,212,108,249,259,107,209,135,111,103,150,133,219
182,285,260,32,298,193,257,252,247,294,191,295,23,19,190,22
1,171,2,235,245,123,13,166,238,122,15,125,177,124,241,178
54,270,187,55,192,276,237,51,185,279,44,234,194,278,240,242
217,105,222,151,224,97,138,132,115,143,208,173,169,104,179,176
7,29,189,52,34,50,5,31,3,184,46,43,25,195,6,188
16,233,325,231,324,326,12,4,180,322,9,232,175,229,168,174
27,18,167,45,130,129,49,126,170,47,172,28,127,42,181,26
158,87,89,68,66,65,10,17,154,8,88,161,157,14,90,63
202,199,38,41,35,206,275,277,33,280,30,37,21,203,271,20
171,237,50,238,249,242,247,180,46,170,49,52,260,245,165,256
16,26,118,9,20,10,110,257,111,17,100,254,253,29,258,34
33,18,67,280,65,276,273,66,68,162,19,279,155,158,28,161
36,124,125,183,300,122,123,187,191,293,37,38,295,301,35,182
287,248,263,55,6,299,42,44,7,48,2,264,284,261,286,5
82,250,197,84,262,199,255,200,229,83,233,259,231,206,86,232
240,306,319,241,324,270,234,235,278,304,277,308,321,275,326,307
104,177,168,31,101,25,114,22,189,192,188,190,30,169,112,173
57,146,186,221,56,142,184,214,62,59,131,195,216,136,224,185
212,23,73,24,201,74,21,222,202,196,70,203,27,77,217,209
127,4,174,285,176,11,166,1,129,3,179,291,292,296,126,128
23,319,322,274,136,149,273,276,148,270,325,22,32,19,321,142
260,253,300,28,31,254,137,150,297,131,290,24,299,30,259,133
6,102,240,238,118,197,234,7,196,235,13,114,105,199,1,206
305,154,110,249,112,162,97,158,108,264,303,307,161,258,308,250
14,91,200,88,64,201,66,202,65,11,203,9,92,68,87,5
263,284,46,144,140,302,255,301,252,143,152,247,53,50,288,44
266,195,187,29,33,18,265,27,139,135,268,145,194,147,269,190
176,174,182,189,172,146,295,138,175,294,132,183,186,285,292,141
68,62,103,134,65,111,60,56,143,102,67,97,64,144,57,137
77,176,172,90,89,13,75,73,70,174,10,168,16,91,93,3
285,299,28,288,107,22,246,31,234,99,116,241,286,24,114,240
186,196,202,253,4,2,249,183,192,191,7,9,201,259,262,200
301,124,277,217,297,120,218,272,279,123,295,221,271,208,290,122
303,214,268,41,220,306,307,39,212,265,37,35,219,267,266,308
106,203,197,140,199,113,105,129,131,130,138,127,126,142,206,109
182,118,33,132,26,184,190,152,18,187,21,98,150,151,115,108
273,104,23,20,133,19,270,34,274,136,146,112,148,278,110,101
250,248,162,302,257,300,161,149,147,158,247,154,145,139,291,293
86,255,84,231,233,82,258,321,232,261,322,319,83,229,326,260
27,237,211,235,222,294,245,25,224,242,292,289,29,216,298,30
192,188,36,93,325,322,40,35,90,319,41,185,89,182,91,321
187,5,14,152,193,135,139,195,258,183,141,4,250,252,16,248
295,241,235,123,273,119,292,120,240,301,274,242,276,277,296,121
305,97,42,104,202,206,116,197,308,54,55,306,304,53,201,101
83,256,203,200,257,249,81,82,161,199,155,162,196,251,154,84
222,25,48,21,19,298,287,285,23,211,43,52,289,214,224,45
15,49,126,13,47,44,129,46,113,103,128,114,10,130,17,102
137,266,269,294,284,149,237,145,268,245,238,234,293,136,267,291
30,248,249,19,242,45,259,252,241,21,234,50,53,33,55,240
291,196,115,168,200,171,176,302,117,287,300,199,111,206,178,114
18,201,25,203,202,58,61,23,197,56,57,29,238,237,245,235
217,187,256,169,170,258,221,194,257,214,213,255,193,189,181,174
134,247,140,250,261,136,254,267,294,266,299,269,289,132,268,295
186,233,307,154,182,192,162,305,158,231,308,306,229,232,190,161
220,219,224,70,222,321,39,322,35,324,77,75,326,38,41,78
87,89,91,120,286,123,284,125,274,279,296,277,275,92,122,293
80,82,135,49,81,34,52,54,137,152,27,32,84,22,48,139
211,301,63,66,212,297,271,67,278,272,65,292,285,209,273,216
54,34,18,46,241,218,242,30,245,214,240,25,219,52,53,224
197,206,201,212,44,15,10,209,4,50,211,55,7,217,43,203
66,51,325,319,47,45,59,42,322,60,64,65,63,58,56,321
138,125,99,21,144,27,122,137,111,100,23,120,121,112,140,29
115,118,14,16,90,2,89,12,102,114,269,267,92,87,266,265
264,22,104,263,139,107,19,116,152,142,131,31,103,254,24,256
117,147,11,32,13,135,33,8,148,3,26,134,109,97,101,28
74,184,76,155,157,185,305,308,307,190,162,161,77,306,75,183
85,105,82,126,129,98,202,86,196,199,130,80,106,200,127,110
35,280,141,37,278,272,146,271,41,213,132,39,221,220,136,222
301,189,5,186,284,1,251,17,285,293,249,9,192,193,262,258
149,150,237,298,151,235,296,294,238,232,229,143,288,231,233,234
229,233,129,232,157,126,54,155,154,50,44,128,161,231,130,43
37,202,288,196,206,39,238,297,41,241,237,293,199,242,38,298
50,3,17,304,43,303,15,201,305,308,6,47,200,199,196,49
241,202,21,203,151,27,30,34,245,242,234,206,143,133,136,197
147,150,289,172,57,60,56,290,286,131,167,141,301,173,59,171
118,264,5,279,108,2,12,4,249,252,107,278,274,270,260,112
29,123,161,129,130,127,33,125,32,157,119,126,121,26,155,162
132,208,25,224,211,144,18,138,181,166,20,169,152,168,212,22
292,48,180,300,51,250,176,248,263,174,54,302,170,52,293,253
233,246,237,297,67,229,240,296,232,294,68,299,238,231,66,64
84,28,216,80,217,221,53,42,45,81,19,31,86,23,46,209
321,319,267,326,14,39,266,41,7,36,40,11,322,16,265,268
115,218,191,114,142,187,146,104,98,220,148,219,137,183,213,190
280,1,285,275,298,87,10,287,88,91,272,89,284,13,9,276
174,306,12,200,304,201,203,307,1,168,14,308,2,199,178,181
92,229,261,233,232,259,21,247,231,32,87,91,33,30,258,88
288,53,299,195,285,50,187,188,44,194,48,140,137,289,135,149
8,249,122,11,218,208,9,125,119,256,15,257,221,250,121,214
42,55,52,147,293,113,151,105,118,49,287,302,291,109,138,150
235,47,52,81,64,82,68,67,55,65,83,245,42,237,85,242
143,37,39,136,308,126,127,304,303,41,133,130,128,135,40,306
107,260,101,196,247,297,105,253,199,299,206,287,289,203,111,251
48,150,134,319,25,43,322,325,29,24,152,54,51,18,131,321
19,27,294,264,300,302,13,263,250,262,292,15,23,20,12,2
189,295,296,77,194,211,209,290,70,222,221,186,76,192,74,285
208,218,17,293,224,1,231,232,14,298,233,288,9,229,284,219
154,217,178,162,6,8,174,212,214,213,10,157,155,171,5,169
121,197,271,280,124,279,146,201,275,132,145,202,137,120,200,119
57,240,266,267,241,59,58,246,56,272,265,238,278,268,270,273
93,138,256,53,249,45,50,139,87,46,254,91,149,147,252,92
257,187,195,151,168,259,170,144,188,193,140,177,175,261,141,255
214,59,58,209,249,11,257,12,16,6,260,56,222,60,264,217
13,169,8,26,18,167,3,31,256,253,179,261,254,17,20,170
275,218,274,128,213,81,278,220,80,85,276,126,127,216,84,130
21,188,294,152,189,132,149,30,298,22,290,192,195,151,33,288
193,183,190,124,219,162,119,157,125,155,158,208,221,212,120,194
279,55,115,280,75,73,54,46,77,78,101,43,102,273,103,270
41,10,197,325,206,38,203,4,196,2,326,7,324,40,39,319
181,116,202,187,200,174,201,182,184,176,199,113,117,105,191,166
175,48,235,50,173,234,144,241,135,246,142,140,165,42,171,45
180,134,293,145,178,285,172,168,259,299,143,262,248,252,136,302
91,92,233,51,49,231,229,65,232,53,47,63,64,87,66,90
15,263,306,251,269,304,258,305,267,268,1,266,14,303,9,255
200,29,31,326,245,324,20,202,196,242,325,199,321,241,21,240
106,138,111,97,78,136,33,34,73,70,142,27,132,77,108,22
255,65,260,262,123,119,124,231,67,66,229,63,232,233,259,121
84,37,141,144,39,147,46,139,85,52,86,81,38,42,40,47
269,117,266,10,168,112,113,166,170,265,167,14,267,13,103,16
176,25,17,2,145,137,178,28,149,133,175,4,32,171,7,26
53,297,246,192,238,193,185,296,51,302,44,48,237,235,298,190
59,102,99,114,107,217,155,154,157,209,219,61,58,224,161,60
148,129,15,50,140,143,5,127,126,8,43,152,11,130,55,49
146,187,3,191,1,131,9,150,134,183,203,201,194,197,206,12
274,19,18,173,23,165,280,179,279,273,247,30,261,257,263,181
148,98,187,19,30,105,195,140,23,138,26,150,109,184,192,101
31,117,51,52,91,97,89,28,90,112,118,22,54,47,87,21
59,9,74,76,77,245,73,5,60,237,58,7,8,242,238,61
278,292,202,270,293,298,196,6,12,200,280,277,287,4,206,15
175,151,178,41,181,170,124,147,125,152,121,38,39,120,142,35
219,162,167,308,307,306,168,157,209,221,304,165,173,217,158,161
116,291,103,49,203,197,115,288,289,107,299,53,201,46,48,199
224,220,174,17,1,218,177,235,216,241,240,3,11,166,171,234
104,67,65,172,99,188,183,68,179,190,66,169,114,182,180,113
84,271,85,81,32,18,82,274,33,133,139,149,276,27,275,132
171,187,48,51,237,45,188,245,184,238,47,189,178,174,235,172
208,219,46,274,44,50,277,276,214,90,216,88,93,53,275,91
199,23,206,175,133,21,141,197,131,200,177,33,176,181,26,136
192,24,19,25,190,109,167,173,165,168,108,195,22,98,193,116
65,322,269,126,130,64,67,321,267,319,325,266,265,129,127,68
179,306,28,308,170,287,31,302,18,295,29,305,297,304,169,166
231,290,249,248,229,260,301,232,182,183,291,233,185,289,252,194
162,78,12,155,70,39,40,3,74,158,5,73,41,161,8,35
250,32,149,202,34,147,135,251,203,143,258,264,27,196,201,30
256,14,285,11,2,151,296,10,142,293,148,299,261,132,255,263
273,84,279,121,137,150,139,125,124,271,86,140,278,119,85,82
288,242,234,292,240,61,54,57,58,286,241,59,43,42,300,52
152,287,132,291,224,4,298,9,208,290,15,222,212,17,150,134
80,165,183,176,42,172,53,185,187,45,51,83,182,82,86,169
58,56,322,256,326,106,103,264,118,325,252,107,60,257,59,321
144,162,157,128,143,129,127,155,154,28,137,32,29,151,20,126
307,278,111,306,280,23,116,98,305,22,274,308,34,275,31,97
99,35,113,220,49,36,217,216,48,105,102,214,46,41,38,54
140,13,299,302,2,141,50,135,292,1,43,55,3,133,286,44
267,235,229,231,233,266,108,237,109,265,240,245,104,112,232,268
186,193,188,203,197,297,201,211,196,219,209,190,288,293,218,289
26,101,10,124,8,114,24,6,125,115,123,119,14,33,19,117
202,92,199,206,279,272,200,195,189,276,87,90,191,273,91,194
133,80,22,30,152,84,24,146,28,11,140,10,85,81,9,8
119,92,189,124,188,102,93,89,121,103,193,105,184,87,122,97
185,193,234,62,58,142,240,237,61,134,235,141,191,59,188,148
262,36,42,41,39,64,65,250,251,53,50,248,63,66,40,48
184,99,103,25,19,183,12,1,104,33,109,23,15,17,182,188
43,224,212,229,255,231,232,46,219,47,233,257,252,260,55,211
161,162,130,126,265,253,258,269,256,264,157,158,128,127,268,266
147,131,189,62,192,58,57,52,56,44,54,148,187,49,140,191
278,272,271,325,319,6,10,322,112,115,114,102,4,326,270,9
203,302,201,199,133,98,300,151,105,142,197,285,111,108,137,288
100,307,117,106,305,143,308,273,149,139,303,280,97,276,152,279
113,89,7,121,88,92,125,87,3,110,118,116,124,16,13,119
14,254,83,208,247,8,218,213,82,81,216,261,84,263,11,2
294,146,180,144,240,299,170,298,134,287,235,135,242,178,165,237
106,248,259,141,97,253,149,52,115,49,104,46,256,47,146,138
30,254,262,249,167,14,24,170,7,258,13,23,18,173,176,16
102,11,274,117,99,8,1,130,5,127,126,278,110,272,279,128
56,124,203,291,301,199,119,292,62,201,61,125,59,120,294,206
9,174,135,4,293,145,177,152,3,289,290,296,131,175,180,2
304,306,17,255,219,308,12,222,217,305,6,257,208,251,15,261
326,154,321,147,319,151,158,209,216,143,148,324,157,162,211,221
267,113,105,271,266,265,273,172,112,280,103,270,268,178,166,171
92,111,107,90,50,45,53,139,89,87,98,137,101,142,134,51
109,194,247,263,224,195,191,118,213,260,108,220,252,214,100,183
300,250,54,50,294,253,252,49,150,48,131,136,260,301,152,298
259,257,278,280,275,173,168,291,180,264,172,284,297,251,302,276
285,211,220,128,53,296,45,126,219,127,52,217,290,44,130,286
166,104,98,170,23,179,218,213,105,29,212,30,20,109,181,222
246,103,120,10,16,122,235,245,100,110,107,241,119,124,9,15
256,201,151,202,197,140,169,177,206,262,144,174,135,247,165,248
77,19,36,70,65,41,38,75,39,67,64,74,28,63,33,21
261,277,62,113,58,273,116,258,59,114,271,249,56,112,279,255
85,268,240,267,265,269,108,83,82,102,234,115,237,118,84,238
209,216,32,25,295,176,22,175,299,18,171,293,221,178,214,289
117,87,89,47,51,192,99,184,106,92,189,43,93,42,97,190
63,40,66,200,106,65,197,39,67,38,97,199,111,102,201,41
260,112,50,271,270,280,51,118,262,252,110,43,273,47,251,108
256,6,289,302,248,1,254,181,293,301,247,5,171,179,168,7
326,196,117,203,321,112,36,200,114,35,109,322,37,324,199,40
169,93,252,274,260,175,89,275,88,256,277,264,179,91,272,171
26,47,51,24,49,10,50,33,15,235,242,237,27,238,3,5
221,216,177,167,11,305,6,214,307,165,17,170,13,306,213,308
201,233,66,262,247,202,67,229,248,206,63,255,232,231,65,197
78,192,193,132,62,188,142,59,151,144,70,76,74,61,58,189
183,261,250,258,293,194,121,119,123,299,187,288,290,190,120,259
18,53,301,137,31,300,289,34,135,52,21,45,297,55,136,146
291,295,128,254,251,220,287,127,219,211,126,208,129,253,298,257
190,119,191,206,199,196,194,120,184,125,13,17,1,3,197,124
127,247,126,212,211,33,18,26,217,256,224,129,24,251,258,130
158,12,2,6,208,218,144,157,149,141,162,136,161,216,4,222
40,36,265,35,172,167,178,266,181,269,267,25,23,32,41,21
49,220,241,246,235,185,183,219,43,221,186,45,48,238,188,213
46,289,52,27,29,296,42,233,28,231,229,300,31,232,44,301
255,80,55,175,81,173,50,84,176,54,53,262,171,257,263,86
193,276,319,272,182,321,325,322,271,169,174,165,189,279,192,170
245,278,290,242,67,63,66,299,64,234,302,273,237,292,275,277
7,147,261,11,137,145,30,249,8,250,152,20,260,34,15,19
294,303,10,111,304,107,295,16,5,307,306,100,287,288,9,106
146,56,61,131,148,138,285,70,74,62,73,75,291,298,286,57
173,261,175,147,104,146,176,137,177,262,101,247,140,113,117,257
252,5,9,115,15,258,255,99,51,42,7,43,48,97,256,110
41,104,40,308,108,306,303,43,44,50,304,110,97,46,35,39
199,296,109,103,201,295,290,176,203,113,175,101,286,200,180,173
183,267,53,185,17,265,14,266,9,10,182,48,189,49,268,51
63,118,106,67,100,111,68,64,42,142,54,135,55,47,152,146
247,56,211,250,264,58,212,136,61,141,219,222,57,143,134,248
202,217,206,216,132,139,224,137,197,254,218,196,259,138,261,255
90,119,88,1,5,124,92,276,15,123,91,274,275,280,120,6
128,161,126,162,23,29,157,22,154,234,129,127,245,238,20,237
16,321,4,319,7,324,76,74,78,326,34,32,2,26,19,70
18,190,21,80,186,31,192,82,229,84,233,83,231,25,232,195
285,220,214,114,99,301,297,246,112,98,240,209,235,302,213,241
213,181,174,178,167,88,212,90,89,218,87,150,138,152,220,141
195,201,28,189,206,199,193,15,203,7,18,30,21,8,188,13
217,42,49,22,25,216,209,40,38,52,41,37,43,26,221,32
2,56,229,4,233,62,168,166,11,57,232,12,58,177,231,173
184,251,54,245,241,50,264,246,242,183,47,263,191,256,182,48
278,280,86,107,265,268,269,83,273,108,81,99,82,270,267,116
300,170,196,286,176,279,175,272,200,197,179,202,302,276,277,290
185,3,234,237,238,211,17,194,192,222,187,224,1,240,10,208
140,306,78,180,307,76,165,133,73,305,308,132,149,169,77,171
293,34,139,129,136,130,145,287,126,298,144,297,31,33,128,24
63,66,104,9,6,113,296,301,5,284,65,14,68,289,110,97
51,53,319,121,258,252,255,326,46,120,44,324,260,122,322,123
19,48,50,103,6,11,34,22,28,17,106,114,101,14,52,49
24,216,298,301,26,258,249,295,264,25,211,20,220,208,293,252
167,276,169,278,319,274,170,322,194,176,184,324,188,191,273,325
63,32,65,66,29,275,262,279,254,23,270,30,64,271,260,248
232,246,229,89,119,90,88,87,234,231,124,235,125,233,240,122
185,190,253,195,98,251,257,113,162,250,97,154,182,110,157,161
56,108,55,36,57,105,62,35,54,43,58,47,109,112,37,38
307,73,265,77,1,269,5,2,75,306,10,268,76,305,266,308
263,245,238,84,85,241,187,82,192,242,80,193,183,247,261,259
179,284,149,31,288,173,150,18,178,134,285,289,172,21,27,144
220,118,249,108,115,256,140,141,139,254,101,134,222,218,251,214
212,52,104,177,217,211,110,43,175,180,208,113,50,45,168,111
78,30,75,29,321,199,196,34,322,324,203,77,19,319,201,74
165,178,256,97,260,125,250,122,123,99,247,101,120,118,181,175
246,238,224,7,13,129,218,235,8,237,128,126,127,214,10,217
31,299,288,25,2,140,132,139,138,6,12,1,296,28,287,27
50,46,298,53,176,32,23,45,24,169,301,168,26,171,291,289
136,86,81,186,322,147,85,189,319,324,187,195,143,131,83,326
158,154,155,127,263,264,129,161,8,7,261,130,4,126,254,16
202,201,141,247,255,148,200,101,258,99,146,144,253,103,111,196
193,235,59,265,267,57,188,61,269,242,241,62,182,245,266,192
41,34,231,233,39,108,116,23,18,232,229,37,35,112,97,27
165,180,151,152,123,134,171,124,287,120,292,139,121,299,296,179
2,197,9,12,220,22,219,206,211,26,31,13,203,217,32,199
301,89,77,91,285,70,303,88,293,305,291,307,76,93,74,306
208,273,272,52,222,48,209,1,278,274,11,46,5,3,216,51
298,24,33,302,28,279,300,284,280,275,250,271,248,30,252,256
53,290,294,50,65,238,66,49,237,54,68,240,67,286,246,288
166,201,181,161,203,154,165,197,224,158,169,214,209,155,212,199
123,206,200,170,258,121,251,172,254,196,124,202,174,125,180,247
184,178,303,173,186,237,191,308,193,235,175,238,177,307,305,245
34,171,188,176,288,187,192,168,295,292,167,24,33,286,182,30
4,139,1,64,131,273,279,66,277,142,270,7,63,65,132,9
150,117,97,260,2,118,152,113,6,262,143,8,12,248,252,145
128,84,229,231,127,233,81,297,284,86,126,232,293,82,300,129
250,263,256,190,255,326,195,321,216,319,189,208,222,325,219,183
147,98,274,112,45,46,136,275,50,271,140,54,278,108,101,149
220,73,213,74,70,76,294,289,148,298,291,137,138,135,217,218
52,301,146,287,299,249,49,257,259,144,290,43,134,141,261,47
266,56,61,35,41,62,92,57,38,265,268,267,89,91,37,87
326,322,68,319,26,21,28,325,155,154,67,63,65,25,158,161
272,278,128,127,30,16,130,22,270,280,126,1,13,23,6,20
285,34,221,294,110,220,287,218,300,32,24,99,217,101,109,27
83,200,104,80,199,105,303,206,107,197,81,306,305,97,85,307
250,5,248,231,251,31,232,233,15,3,19,14,18,252,229,29
181,180,291,111,166,124,297,125,286,299,119,173,103,122,115,112
152,246,138,196,202,234,201,60,61,242,203,59,56,147,240,139
105,108,265,178,106,123,169,115,266,119,269,165,180,268,125,120
273,78,77,76,212,70,170,270,174,209,208,179,272,222,276,175
246,81,30,177,84,245,173,86,31,234,33,85,168,241,29,171
294,118,104,110,53,20,52,22,46,45,27,23,112,301,287,299
21,76,20,53,25,75,250,51,29,262,73,42,248,55,247,70
308,279,50,10,47,303,46,277,306,44,17,304,4,278,271,6
39,124,58,56,62,175,61,166,165,36,35,123,119,40,181,125
259,144,254,139,88,258,93,89,128,135,90,126,256,130,151,127
101,7,118,263,253,219,3,112,221,222,104,15,252,13,255,209
107,33,117,275,26,22,202,270,272,102,206,274,201,109,27,199
84,183,216,67,182,184,85,63,81,213,189,86,64,220,68,218
177,8,97,14,295,16,106,167,115,172,287,108,171,9,285,289
173,28,30,266,242,169,268,179,176,32,24,238,234,269,265,235
249,264,162,155,192,158,98,187,105,99,251,194,110,154,260,191
55,142,249,255,175,171,44,165,133,54,174,252,263,42,146,135
264,192,105,260,259,180,166,179,113,99,194,170,188,195,109,256
141,220,46,150,43,224,280,148,45,279,208,271,274,152,213,51
284,305,307,297,29,32,291,24,52,299,304,49,47,18,48,303
70,114,117,229,234,238,235,231,233,102,74,75,245,118,76,232
253,261,16,2,247,127,130,86,3,82,129,262,84,126,85,15
140,157,196,241,147,154,158,197,144,237,240,202,246,136,201,155
124,66,63,27,64,326,325,65,125,120,319,22,28,119,321,21
116,219,35,38,115,301,300,41,216,211,302,106,217,100,36,287
112,221,134,149,151,186,111,108,187,145,107,209,193,185,214,212
138,120,209,145,253,124,258,219,135,220,121,251,143,119,256,221
267,52,45,47,18,268,40,29,265,269,30,38,41,44,39,23
50,53,27,86,42,229,231,33,85,81,21,28,55,232,233,82
14,296,192,187,301,286,190,7,70,8,76,11,73,74,292,185
275,277,115,279,264,161,276,261,98,154,116,109,252,157,155,254
242,200,170,197,201,183,241,171,203,245,169,237,181,188,194,193
217,305,224,68,308,43,213,211,66,306,307,65,48,49,46,64
60,107,295,291,108,56,290,59,10,62,285,2,4,103,118,6
168,34,19,184,208,182,191,31,189,218,165,174,26,214,212,177
319,246,297,240,25,22,235,324,325,32,321,20,288,284,300,238
178,129,127,166,132,126,137,147,9,5,130,142,173,17,12,179
293,294,90,176,289,180,199,89,202,87,302,196,172,91,175,206
103,18,249,235,245,104,117,30,234,32,98,246,27,255,263,260
192,16,76,6,238,241,240,70,193,5,73,188,237,4,74,182
13,229,272,231,1,144,280,17,3,232,233,148,139,277,143,274
196,61,20,43,56,30,202,48,34,21,62,45,201,59,199,50
197,169,173,55,42,17,49,203,170,6,13,200,206,10,46,176
149,175,150,19,146,18,138,178,254,23,249,260,29,179,172,253
75,77,142,140,136,73,74,186,139,1,4,191,184,8,185,14
133,292,151,295,274,273,7,15,299,275,278,3,5,300,152,132
258,121,188,67,187,195,65,119,257,120,194,66,261,256,124,63
81,238,147,246,82,263,141,250,85,251,134,135,86,252,242,235
51,93,245,52,237,47,128,92,90,129,130,241,127,88,240,54
231,167,165,233,158,168,166,322,232,155,324,326,319,157,229,161
25,35,182,183,40,37,219,218,193,26,220,189,36,24,213,32
305,268,269,297,247,248,294,262,301,267,290,264,308,265,304,306
25,8,26,264,15,74,6,259,19,32,73,76,247,263,4,77
232,37,154,158,161,157,41,231,233,229,152,38,135,138,35,137
273,209,150,140,222,147,190,193,270,187,148,192,212,213,278,280
53,235,211,220,242,47,267,45,269,238,237,221,46,266,214,265
22,33,107,52,299,18,109,50,118,104,54,289,24,290,51,295
133,306,293,149,297,285,305,145,56,60,292,58,303,59,144,308
277,254,260,272,1,274,275,248,178,13,9,172,169,258,11,179
113,89,16,12,102,130,2,128,7,97,87,129,90,91,114,126
284,170,194,241,234,171,177,288,245,188,296,181,185,294,240,182
82,5,252,249,319,324,84,321,322,14,3,10,86,250,253,83
143,120,122,108,119,139,202,110,146,121,103,199,200,142,111,203
262,67,251,219,63,256,151,136,216,68,218,134,141,65,217,255
232,256,233,216,76,212,222,254,74,221,248,231,229,263,70,77
258,115,143,192,99,257,255,102,140,251,113,184,137,193,183,152
130,301,128,285,173,271,170,177,275,273,279,166,290,129,299,126
88,231,90,233,158,29,161,26,229,157,155,20,89,31,93,232
73,16,14,78,169,238,2,178,170,76,6,70,234,165,245,237
141,33,23,31,135,111,136,148,28,295,100,294,108,300,97,301
125,61,62,121,56,307,304,10,4,119,305,8,15,303,58,120
129,126,128,63,67,127,261,192,190,256,258,184,189,64,65,252
206,199,249,181,253,172,140,145,176,150,203,137,254,262,200,173
291,196,287,202,272,107,106,103,276,286,284,197,270,109,279,201
26,154,18,75,34,16,155,76,157,1,11,20,78,77,162,2
48,214,36,209,46,219,208,35,41,175,168,174,52,39,170,55
49,257,54,110,237,246,264,250,114,245,45,44,116,238,255,105
185,188,247,263,274,217,277,248,222,260,213,280,216,275,182,195
241,93,242,83,229,233,85,240,231,86,235,91,80,87,92,232
275,279,101,65,67,304,308,104,66,271,64,117,276,306,100,303
250,209,4,12,5,222,263,2,248,190,261,182,213,192,191,211
235,144,14,121,241,245,143,120,238,11,124,151,16,10,122,138
257,251,249,118,264,26,266,269,27,265,110,116,31,107,267,23
256,99,112,66,114,68,98,42,259,43,248,49,260,65,53,67
253,57,60,249,231,113,59,254,261,229,117,61,104,105,232,233
169,125,103,120,106,168,29,122,19,18,109,118,181,124,33,177
218,76,238,237,273,242,213,235,78,224,75,270,74,272,208,280
194,199,277,128,183,197,192,206,271,130,127,189,274,279,126,203
296,322,303,154,298,304,285,295,307,161,158,324,319,157,325,306
269,216,21,212,141,23,32,133,266,148,214,152,220,24,265,268
25,250,100,185,247,191,26,110,34,188,257,255,31,101,182,111
81,186,83,172,291,179,85,297,82,166,190,176,187,288,195,284
290,116,240,246,294,251,107,262,102,245,293,115,302,252,264,241
46,200,135,202,4,11,142,54,151,51,47,196,134,201,3,6
45,89,44,287,301,286,48,40,87,36,90,35,300,93,55,38
277,167,182,168,272,189,273,188,174,172,90,93,279,87,185,92
81,85,326,158,201,321,199,319,162,203,325,82,161,157,197,83
256,25,268,307,27,31,304,306,266,305,19,250,267,251,252,269
173,179,183,290,202,287,196,169,200,184,285,191,284,195,177,206
150,135,254,147,259,103,43,258,47,44,138,49,100,101,98,264
208,152,241,237,247,131,261,238,218,212,249,214,262,246,142,143
16,67,64,63,231,224,66,219,6,233,211,232,17,229,213,9
48,286,220,52,301,217,53,51,178,298,302,209,166,170,180,222
255,248,18,113,293,292,107,297,260,24,97,34,263,28,289,115
124,300,235,234,122,20,120,21,32,242,125,294,299,291,33,245
70,271,129,46,54,50,42,130,75,127,280,73,76,126,274,275
149,143,2,110,103,104,99,14,152,21,1,29,30,147,20,13
177,124,120,112,126,167,168,102,127,129,173,122,118,130,119,105
58,114,2,176,173,118,165,6,104,59,62,61,10,172,100,13
221,300,237,202,290,201,216,235,206,197,217,287,246,234,211,299
297,28,184,25,49,190,302,187,44,42,54,33,26,292,191,291
183,248,220,218,189,249,209,252,179,166,167,169,195,262,212,194
174,43,150,7,15,152,181,52,171,135,46,47,180,145,9,5
76,219,208,78,157,90,92,162,214,161,213,91,88,155,70,77
124,253,233,247,269,258,119,123,120,231,229,259,265,267,268,232
188,257,251,298,289,255,307,254,303,192,186,185,305,288,306,296
86,278,105,117,273,137,142,82,144,280,101,85,132,106,83,277
129,284,147,175,301,151,170,295,126,136,127,130,294,143,177,178
274,261,264,23,238,276,271,263,242,272,18,24,27,260,241,245
148,19,50,321,22,32,55,48,131,138,30,141,319,322,326,45
15,22,12,170,14,180,82,81,29,27,83,84,172,16,166,28
43,63,251,262,253,42,66,65,177,174,167,175,50,49,64,263
301,11,31,34,286,9,19,298,107,26,5,99,1,117,98,291
77,90,32,216,23,70,25,78,214,213,76,92,91,20,220,87
188,128,267,186,38,183,266,130,269,127,268,37,39,182,126,41
229,121,120,132,152,181,171,173,138,151,233,123,231,122,179,232
308,4,2,303,6,304,101,110,7,260,100,261,248,247,102,305
62,279,271,202,278,147,146,58,206,140,60,280,203,196,142,61
237,193,238,209,219,250,249,191,240,212,259,194,211,254,195,234
44,45,169,274,176,131,55,148,272,165,275,46,168,139,270,134
150,184,162,141,161,246,157,192,245,235,242,133,187,154,189,137
201,218,3,199,252,10,224,200,17,221,8,222,197,264,258,257
278,270,120,280,16,6,168,274,7,2,121,177,167,174,125,123
188,99,130,195,129,74,106,102,128,127,70,75,100,78,185,187
196,203,267,200,59,60,266,202,62,211,265,217,221,209,268,58
252,3,109,118,263,8,253,15,117,142,151,247,103,11,145,146
272,237,21,242,27,22,286,279,277,300,275,291,235,240,298,32
169,257,176,256,14,232,175,231,1,233,255,9,10,229,248,171
148,212,34,20,179,172,178,214,173,213,144,139,23,152,216,28
5,4,324,85,249,321,83,319,12,264,81,326,262,17,259,82
166,219,51,63,65,222,218,208,53,52,48,64,68,170,165,181
107,304,154,306,303,197,201,155,206,113,157,116,199,158,112,307
36,37,25,90,193,41,183,88,93,31,191,192,24,39,18,91
290,184,110,182,26,101,30,194,29,190,289,98,285,105,297,33
158,40,144,151,182,150,193,190,38,39,36,185,161,155,154,136
172,252,174,255,257,270,279,274,256,229,273,166,232,231,168,233
319,127,325,58,128,57,82,126,324,81,130,86,60,59,326,80
208,219,10,152,2,17,221,199,216,139,201,145,14,196,206,138
246,262,254,300,240,296,302,259,235,6,9,7,284,15,261,241
98,299,116,276,278,293,211,291,118,272,295,214,101,212,220,277
179,131,298,285,165,4,170,8,297,134,286,1,142,3,177,141
112,192,13,31,12,187,30,188,111,103,11,115,5,183,25,26
258,91,117,197,87,90,203,110,250,264,105,200,89,202,114,249
76,301,120,121,70,123,222,209,75,125,74,290,217,224,289,288
268,242,265,303,237,304,306,245,46,52,266,44,269,55,234,308
232,158,49,39,233,53,154,231,46,37,229,162,35,52,36,161
249,18,203,289,23,296,206,201,299,252,263,254,27,32,286,200
17,101,10,271,146,100,138,278,4,275,117,148,114,135,13,276
259,238,134,140,2,234,16,242,261,15,136,143,5,235,256,264
279,255,270,257,21,193,274,184,277,25,194,253,260,189,31,28
113,222,294,219,98,291,221,284,103,214,149,150,132,297,106,144
137,306,212,211,12,145,141,142,208,218,308,9,307,11,305,6
1,7,182,187,124,121,188,295,14,288,122,192,290,3,285,123
70,292,77,202,126,197,287,127,129,196,199,73,300,301,78,130
34,59,58,50,265,55,62,29,269,268,26,30,61,266,45,51
37,218,38,297,291,224,195,189,193,217,296,219,286,41,185,35
173,231,143,179,322,139,148,321,141,232,319,171,229,233,326,169
142,107,63,147,17,118,4,12,132,66,99,68,134,116,14,65
26,248,5,22,104,21,113,110,8,264,257,23,100,263,2,1
174,157,47,46,158,185,154,189,155,182,44,192,180,178,181,51
126,213,218,93,89,209,237,241,240,234,87,130,220,91,127,129
45,3,43,122,6,121,42,167,177,50,165,176,120,15,13,119
285,293,302,166,271,279,270,170,273,175,196,168,287,206,201,203
250,298,252,18,254,217,295,289,258,27,20,294,224,212,214,31
41,40,37,77,194,55,188,78,52,49,75,36,54,74,183,187
50,67,171,31,65,66,68,168,177,33,180,32,42,44,47,34
83,74,81,84,203,286,200,290,291,73,77,82,197,76,202,289
166,105,103,259,171,181,262,17,110,4,261,6,264,179,9,100
252,218,235,241,240,2,8,216,238,254,257,5,212,220,258,14
23,51,248,224,249,43,222,28,29,49,217,260,44,221,251,24
158,187,326,162,319,195,324,191,53,45,322,157,188,47,50,155
263,214,57,255,211,219,143,256,58,59,60,141,209,253,140,138
109,231,104,234,301,299,113,242,229,246,233,232,293,297,245,114
128,98,184,116,99,124,194,117,123,192,126,190,120,129,122,127
41,189,39,27,193,89,90,185,18,183,21,87,38,40,32,91
286,263,217,289,176,222,285,177,251,178,174,252,211,300,247,208
191,129,171,83,168,130,188,166,185,126,193,84,179,81,85,127
262,90,254,224,214,218,196,216,91,88,197,89,250,202,264,199
277,200,220,114,103,112,101,270,219,221,213,206,273,201,203,271
181,290,322,284,165,326,292,169,49,51,302,45,175,53,324,321
272,294,276,39,299,280,40,158,278,41,298,155,154,295,162,37
54,190,183,194,167,47,3,187,170,173,16,44,180,7,6,48
19,258,17,259,97,5,4,261,255,22,115,30,12,106,23,108
241,232,297,238,267,296,269,266,231,234,240,268,293,233,229,291
189,116,118,137,307,308,306,131,192,105,182,303,109,149,184,139
238,201,61,237,321,241,324,58,197,199,245,62,196,326,322,59
64,219,47,42,273,65,66,275,270,220,54,280,63,216,213,53
298,149,287,141,288,247,136,286,254,252,259,21,24,148,20,27
16,115,103,110,263,253,116,54,6,49,8,52,1,250,50,249
257,297,251,285,21,286,287,260,175,25,18,252,177,31,167,181
136,213,46,66,63,131,43,52,139,209,67,224,54,142,68,208
190,270,260,166,177,278,264,192,255,271,168,178,189,195,279,258
170,38,21,33,294,284,41,289,299,24,181,37,36,172,29,165
56,265,221,268,269,158,162,155,57,211,267,60,216,161,212,61
235,296,53,44,238,300,247,242,297,55,250,292,249,42,246,257
25,184,188,285,26,254,23,194,253,31,248,293,298,295,193,263
108,304,81,100,99,203,86,307,200,83,82,305,306,199,201,105
10,104,16,113,152,141,218,217,135,222,7,103,219,110,14,144
50,183,186,301,187,302,291,47,324,45,48,325,321,288,191,319
18,19,73,34,78,231,196,229,22,233,197,74,75,206,202,232
280,11,261,274,272,3,234,252,15,240,245,273,5,262,259,237
122,92,129,2,13,12,130,91,127,121,123,8,87,93,126,120
306,76,128,74,77,127,7,129,73,3,5,303,307,12,304,126
255,301,299,185,192,224,259,189,208,220,253,209,251,193,293,297
1,11,23,16,166,167,190,8,184,194,181,29,179,195,20,31
120,124,52,122,93,91,46,221,217,219,87,119,44,50,216,90
261,182,247,168,165,41,187,254,262,171,38,39,188,36,173,183
245,21,258,284,19,294,237,30,241,34,263,234,252,285,257,286
13,117,17,107,14,55,264,250,48,97,6,249,100,51,260,43
203,25,274,28,273,201,26,231,22,199,233,232,270,272,229,206
4,298,162,161,155,288,68,65,63,2,15,158,66,290,296,10
266,277,265,268,276,295,81,80,289,267,83,292,287,86,271,279
319,56,150,321,142,326,170,146,59,58,141,60,169,176,177,322
145,98,139,249,106,144,325,101,262,260,326,319,252,322,141,118
29,66,157,67,31,65,68,3,12,20,158,161,8,23,7,162
195,46,255,85,191,82,264,86,55,187,84,253,47,54,254,188
251,267,117,250,269,246,235,268,111,112,259,265,240,245,105,256
272,208,173,168,172,298,217,277,211,289,279,291,278,284,214,174
238,134,100,199,104,131,200,116,234,138,202,206,241,242,109,147
108,22,18,5,307,17,103,25,303,9,308,305,110,114,24,16
232,233,6,128,126,15,13,273,10,127,231,229,130,274,270,276
51,222,38,1,50,220,218,39,212,4,37,41,2,53,14,43
201,290,176,177,292,74,170,287,288,180,203,196,78,75,76,197
115,33,99,97,19,27,42,120,123,124,30,45,44,48,102,125
58,146,294,193,57,295,135,184,189,183,302,293,60,61,132,150
246,288,154,269,155,158,237,297,157,287,265,302,266,235,238,267
62,2,56,272,58,301,275,15,61,299,284,13,1,273,293,278
308,255,274,270,305,259,206,306,248,201,202,307,271,196,277,258
208,82,219,242,75,76,211,245,241,81,73,74,220,86,85,240
257,185,48,165,193,42,171,250,51,254,43,182,181,178,253,187
102,11,103,256,170,172,12,9,112,176,260,111,263,168,14,262
218,33,213,17,32,141,221,6,27,137,144,29,140,209,4,3
123,252,184,92,122,247,124,192,90,188,125,194,89,249,261,88
229,128,126,130,231,233,166,322,173,174,326,129,179,325,232,324
290,216,217,203,200,35,199,212,38,289,41,224,40,295,286,197
118,64,180,68,177,195,189,66,107,191,100,169,190,175,67,113
136,139,291,97,105,18,285,26,298,115,138,294,28,117,25,149
202,125,97,11,119,124,15,113,5,14,196,197,120,107,201,101
141,138,232,233,231,133,248,247,229,258,256,85,83,82,131,86
321,170,181,118,325,322,109,326,171,209,224,106,172,218,115,221
270,269,212,217,74,274,213,268,70,75,267,77,272,273,265,216
50,58,48,192,56,52,242,184,186,234,238,57,240,62,53,194
253,41,68,185,193,37,191,250,39,255,38,67,63,252,64,195
90,105,104,116,174,190,167,188,176,89,177,99,189,87,91,187
279,47,55,7,276,152,136,43,49,9,278,275,16,3,146,140
33,290,46,54,34,20,129,30,294,127,297,130,45,126,295,51
208,211,179,2,214,165,168,6,13,251,260,261,17,175,222,249
257,154,246,25,158,254,23,162,241,237,263,19,262,245,29,157
194,268,188,10,184,102,99,185,14,112,267,8,97,265,7,266
1,12,291,249,251,302,150,132,298,263,152,140,13,15,299,257
260,178,252,26,179,30,192,182,253,183,187,170,34,176,261,29
324,319,326,81,162,86,322,154,161,305,303,158,82,83,307,304
49,169,138,51,62,43,133,166,180,59,52,61,175,141,145,60
197,237,123,242,233,206,125,203,232,124,119,199,241,229,231,234
93,202,129,87,127,39,91,200,36,41,130,196,37,90,201,126
47,46,171,48,295,274,174,272,50,292,277,168,290,177,288,280
45,53,173,172,54,167,221,273,44,270,208,165,276,213,275,219
216,255,224,297,258,134,248,247,218,149,135,212,286,294,287,146
238,285,209,211,131,240,300,296,143,246,222,293,136,245,214,151
66,148,63,142,77,70,64,139,65,74,259,254,256,147,250,73
267,63,167,169,268,271,67,165,65,265,178,269,279,276,275,64
12,273,190,277,60,185,15,58,193,274,5,14,57,280,59,191
47,170,177,104,211,109,222,106,221,218,116,55,54,48,172,179
113,115,199,174,202,171,134,166,141,117,139,100,201,197,173,145
197,128,303,305,67,63,129,199,201,64,307,196,304,130,66,126
188,50,195,1,44,279,270,191,45,272,189,16,12,42,271,4
249,61,116,250,62,105,265,267,107,264,57,58,256,269,101,266
235,262,43,237,263,234,241,13,46,8,55,253,6,47,15,257
289,81,123,295,322,82,120,290,119,83,124,299,325,319,86,324
41,39,145,115,35,134,301,146,150,287,103,36,292,114,118,286
28,26,242,174,285,300,166,238,246,24,29,181,170,302,297,240
33,99,179,21,175,100,231,233,23,31,229,177,172,232,113,117
178,154,162,104,202,206,157,203,110,98,173,97,171,176,161,200
273,184,254,280,194,261,185,34,255,20,247,190,30,277,32,276
18,106,78,93,73,74,88,22,77,108,89,109,111,91,27,25
2,48,52,54,14,167,169,51,180,293,10,291,168,288,294,11
185,128,179,169,255,187,170,250,129,252,181,127,192,259,190,126
220,150,134,171,116,132,97,172,114,173,224,218,144,222,102,175
257,53,145,25,249,48,44,21,258,32,42,151,26,247,135,140
137,30,280,279,146,189,143,191,186,271,272,29,33,27,142,193
304,141,117,106,306,302,299,118,305,297,152,307,107,138,293,131
91,321,261,254,112,98,92,325,256,326,262,324,100,93,88,115
285,292,290,245,248,10,11,240,251,12,263,300,264,4,241,246
119,161,242,155,238,68,122,154,125,63,234,66,67,235,162,120
77,265,76,24,78,28,18,268,56,20,58,73,269,266,61,59
194,201,274,197,276,184,19,273,188,23,22,183,200,275,202,31
219,84,217,206,83,231,233,199,232,196,81,229,203,209,86,212
178,294,52,295,289,45,55,43,167,166,133,139,174,149,136,287
89,190,290,218,209,298,182,193,184,90,293,220,93,297,91,221
269,279,98,268,274,104,265,206,200,266,113,197,118,270,271,203
137,175,139,176,50,133,31,52,45,30,33,165,180,49,20,132
161,178,170,255,257,158,171,154,68,258,63,162,64,253,168,66
231,120,119,14,232,5,122,13,124,174,179,233,229,177,12,172
6,195,238,54,246,183,2,55,44,235,187,9,16,237,48,191
216,17,70,173,214,167,77,222,212,4,3,8,181,78,76,166
260,263,53,146,43,302,299,42,142,256,150,47,144,288,262,301
99,308,306,321,126,127,128,324,325,326,97,110,130,100,305,307
34,199,25,201,41,285,32,35,23,300,287,196,295,38,37,202
194,140,192,219,134,61,208,56,62,148,186,185,59,211,217,135
254,81,240,272,278,273,242,245,277,84,248,80,82,249,250,241
