241,257,237,114,263,191,106,245,183,264,111,0,0,0,0,0
92,51,54,66,89,278,0,0,0,0,0,0,0,0,0,0
208,245,287,286,213,237,241,261,249,251,255,291,0,0,0,0
256,2,162,154,9,8,158,161,200,199,258,0,0,0,0,0
67,70,76,7,10,77,22,24,18,30,66,0,0,0,0,0
105,99,289,295,284,150,137,131,135,108,117,0,0,0,0,0
300,288,279,280,322,326,325,292,0,0,0,0,0,0,0,0
100,146,143,139,140,106,118,110,0,0,0,0,0,0,0,0
85,1,81,84,17,4,253,252,248,0,0,0,0,0,0,0
59,56,60,62,216,301,298,218,166,0,0,0,0,0,0,0
11,87,13,92,247,254,187,194,88,91,260,0,0,0,0,0
20,32,33,19,201,197,206,273,275,276,235,246,240,0,0,0
176,177,36,109,37,178,222,39,214,40,113,115,0,0,0,0
217,211,184,0,0,0,0,0,0,0,0,0,0,0,0,0
192,150,138,137,191,195,0,0,0,0,0,0,0,0,0,0
238,273,270,241,131,152,251,253,0,0,0,0,0,0,0,0
78,76,224,75,197,56,208,203,200,0,0,0,0,0,0,0
30,288,293,8,249,0,0,0,0,0,0,0,0,0,0,0
18,231,296,291,260,289,263,0,0,0,0,0,0,0,0,0
19,146,147,144,261,121,31,21,22,0,0,0,0,0,0,0
237,265,157,242,307,162,305,245,267,161,304,269,0,0,0,0
209,193,190,188,9,3,53,10,219,48,182,214,0,0,0,0
35,63,99,34,100,64,32,68,111,41,38,33,108,0,0,0
149,151,295,140,292,325,202,324,326,143,0,0,0,0,0,0
92,54,42,128,130,88,129,80,51,127,81,0,0,0,0,0
256,169,158,180,298,247,0,0,0,0,0,0,0,0,0,0
192,78,49,70,57,61,42,59,76,0,0,0,0,0,0,0
259,274,280,272,273,248,148,151,257,0,0,0,0,0,0,0
138,150,9,206,199,295,302,14,288,137,197,200,0,0,0,0
97,184,194,267,110,269,182,307,104,0,0,0,0,0,0,0
101,301,221,209,296,55,46,291,222,217,0,0,0,0,0,0
237,89,143,293,145,234,238,0,0,0,0,0,0,0,0,0
183,212,13,190,220,251,185,1,0,0,0,0,0,0,0,0
278,275,4,10,12,321,324,28,20,29,18,0,0,0,0,0
125,123,121,233,86,64,66,65,83,81,80,231,0,0,0,0
127,128,203,253,260,202,196,129,0,0,0,0,0,0,0,0
31,235,240,179,5,7,2,168,174,245,0,0,0,0,0,0
68,65,67,22,19,199,206,201,196,0,0,0,0,0,0,0
23,138,12,99,8,25,146,0,0,0,0,0,0,0,0,0
166,145,144,213,219,133,0,0,0,0,0,0,0,0,0,0
128,263,254,126,252,322,86,85,0,0,0,0,0,0,0,0
262,303,276,275,192,186,0,0,0,0,0,0,0,0,0,0
125,170,224,218,124,120,0,0,0,0,0,0,0,0,0,0
56,193,111,190,191,0,0,0,0,0,0,0,0,0,0,0
240,241,42,50,45,0,0,0,0,0,0,0,0,0,0,0
157,161,98,104,76,70,37,0,0,0,0,0,0,0,0,0
272,165,279,183,174,237,0,0,0,0,0,0,0,0,0,0
299,202,200,197,89,87,93,114,109,0,0,0,0,0,0,0
24,178,46,28,33,261,250,253,260,0,0,0,0,0,0,0
158,87,161,155,88,92,104,118,157,0,0,0,0,0,0,0
233,41,35,23,33,26,110,109,231,115,232,0,0,0,0,0
175,167,254,249,253,251,301,284,291,299,0,0,0,0,0,0
42,105,98,116,212,218,48,47,45,0,0,0,0,0,0,0
242,235,19,22,25,31,106,102,97,103,8,1,7,0,0,0
120,122,197,206,196,200,322,324,0,0,0,0,0,0,0,0
21,28,30,181,24,293,300,285,222,216,214,288,0,0,0,0
219,192,213,126,128,129,34,195,189,130,209,0,0,0,0,0
46,287,146,141,289,297,52,136,51,273,277,274,279,139,0,0
182,194,191,165,172,9,10,108,186,0,0,0,0,0,0,0
267,308,306,265,303,307,184,183,185,201,203,199,190,0,0,0
213,275,126,193,0,0,0,0,0,0,0,0,0,0,0,0
77,78,301,295,76,158,154,0,0,0,0,0,0,0,0,0
142,138,174,179,167,0,0,0,0,0,0,0,0,0,0,0
81,84,197,199,152,238,245,86,0,0,0,0,0,0,0,0
112,269,232,118,231,0,0,0,0,0,0,0,0,0,0,0
98,109,261,12,100,15,258,0,0,0,0,0,0,0,0,0
111,106,107,110,250,249,222,221,253,0,0,0,0,0,0,0
185,19,181,172,214,218,177,220,0,0,0,0,0,0,0,0
3,7,190,24,195,187,89,90,91,5,25,0,0,0,0,0
56,122,196,203,66,57,61,123,67,124,0,0,0,0,0,0
324,151,4,17,31,322,135,325,150,8,0,0,0,0,0,0
2,170,175,173,6,136,176,145,1,149,0,0,0,0,0,0
299,288,273,272,91,87,93,291,88,33,18,22,0,0,0,0
41,36,37,8,13,166,0,0,0,0,0,0,0,0,0,0
262,229,231,183,185,188,251,249,289,287,292,0,0,0,0,0
125,121,73,76,70,77,126,130,112,98,122,0,0,0,0,0
169,182,190,195,194,261,180,0,0,0,0,0,0,0,0,0
240,23,51,141,21,238,0,0,0,0,0,0,0,0,0,0
212,103,113,55,214,216,118,49,0,0,0,0,0,0,0,0
3,15,211,30,179,174,2,0,0,0,0,0,0,0,0,0
84,83,9,325,266,269,85,0,0,0,0,0,0,0,0,0
300,295,157,161,162,154,168,0,0,0,0,0,0,0,0,0
202,200,280,279,276,56,57,294,197,196,0,0,0,0,0,0
141,290,157,284,132,158,0,0,0,0,0,0,0,0,0,0
139,135,150,265,136,49,109,106,54,102,0,0,0,0,0,0
64,65,67,18,19,66,0,0,0,0,0,0,0,0,0,0
206,277,279,274,280,301,299,154,161,158,162,0,0,0,0,0
234,191,195,218,40,39,190,0,0,0,0,0,0,0,0,0
169,145,300,287,203,141,197,0,0,0,0,0,0,0,0,0
321,272,278,275,58,61,0,0,0,0,0,0,0,0,0,0
89,192,185,88,93,131,144,91,0,0,0,0,0,0,0,0
54,27,121,173,122,123,124,51,53,0,0,0,0,0,0,0
232,233,214,16,212,105,11,116,13,115,0,0,0,0,0,0
101,81,85,86,55,114,80,0,0,0,0,0,0,0,0,0
102,28,12,110,99,2,34,291,289,17,103,0,0,0,0,0
240,76,5,15,78,77,237,235,296,288,241,0,0,0,0,0
8,222,50,43,146,143,142,3,208,213,14,0,0,0,0,0
290,325,322,178,196,295,301,0,0,0,0,0,0,0,0,0
117,116,131,224,214,135,154,157,0,0,0,0,0,0,0,0
306,308,222,220,195,190,192,211,307,0,0,0,0,0,0,0
154,162,214,203,201,158,199,251,249,208,209,221,261,0,0,0
102,119,122,0,0,0,0,0,0,0,0,0,0,0,0,0
86,67,63,187,191,174,166,82,170,81,194,172,64,68,0,0
89,88,100,91,115,302,99,127,126,92,129,297,98,0,0,0
117,103,37,218,219,213,308,40,0,0,0,0,0,0,0,0
116,295,288,0,0,0,0,0,0,0,0,0,0,0,0,0
274,99,100,271,277,9,10,115,0,0,0,0,0,0,0,0
21,186,184,183,91,89,259,34,254,0,0,0,0,0,0,0
49,248,253,262,265,64,68,63,0,0,0,0,0,0,0,0
86,48,51,45,127,46,0,0,0,0,0,0,0,0,0,0
158,6,1,162,8,154,321,13,0,0,0,0,0,0,0,0
110,109,18,32,20,28,105,273,140,270,150,0,0,0,0,0
229,77,33,237,0,0,0,0,0,0,0,0,0,0,0,0
191,190,55,53,151,247,249,0,0,0,0,0,0,0,0,0
19,238,284,298,241,240,0,0,0,0,0,0,0,0,0,0
285,206,192,290,202,195,289,0,0,0,0,0,0,0,0,0
294,233,232,85,301,231,21,23,86,80,0,0,0,0,0,0
265,194,192,183,277,280,273,326,0,0,0,0,0,0,0,0
297,176,157,161,234,175,235,169,302,162,155,0,0,0,0,0
272,127,206,199,189,191,275,276,130,0,0,0,0,0,0,0
4,97,15,213,100,240,0,0,0,0,0,0,0,0,0,0
290,296,107,251,263,7,13,0,0,0,0,0,0,0,0,0
41,295,36,298,30,291,0,0,0,0,0,0,0,0,0,0
117,45,173,52,167,9,46,0,0,0,0,0,0,0,0,0
123,120,308,307,304,76,70,0,0,0,0,0,0,0,0,0
135,92,26,148,140,149,90,91,0,0,0,0,0,0,0,0
60,56,184,63,0,0,0,0,0,0,0,0,0,0,0,0
19,104,222,220,214,101,0,0,0,0,0,0,0,0,0,0
11,16,130,29,19,128,33,117,108,0,0,0,0,0,0,0
148,166,89,91,5,93,0,0,0,0,0,0,0,0,0,0
118,191,252,259,0,0,0,0,0,0,0,0,0,0,0,0
173,111,0,0,0,0,0,0,0,0,0,0,0,0,0,0
211,113,112,199,105,206,201,220,41,38,0,0,0,0,0,0
214,50,233,232,44,46,122,125,121,208,221,0,0,0,0,0
18,248,258,47,0,0,0,0,0,0,0,0,0,0,0,0
275,9,3,132,273,271,165,0,0,0,0,0,0,0,0,0
103,2,4,145,53,48,43,0,0,0,0,0,0,0,0,0
75,82,86,85,74,77,0,0,0,0,0,0,0,0,0,0
192,183,190,219,222,0,0,0,0,0,0,0,0,0,0,0
265,78,76,70,125,124,303,305,308,304,120,75,0,0,0,0
150,99,118,170,111,263,249,178,131,181,145,172,134,0,0,0
91,270,193,89,234,238,272,242,92,279,87,235,0,0,0,0
262,321,273,275,43,252,322,45,46,277,319,261,50,0,0,0
115,197,287,206,199,106,101,116,222,297,216,211,202,0,0,0
1,158,126,292,127,289,291,11,155,10,154,157,2,0,0,0
6,55,54,51,219,208,295,300,286,0,0,0,0,0,0,0
246,84,260,83,241,179,259,245,176,174,165,0,0,0,0,0
214,209,21,30,203,60,221,217,200,19,33,0,0,0,0,0
67,63,151,176,221,218,179,66,177,139,219,136,0,0,0,0
231,229,61,62,59,125,119,326,56,232,324,322,325,233,0,0
263,253,217,201,33,21,28,203,199,206,208,222,212,0,0,0
193,5,74,302,78,1,9,195,300,287,290,0,0,0,0,0
200,242,167,0,0,0,0,0,0,0,0,0,0,0,0,0
16,11,17,300,324,326,322,234,285,240,293,0,0,0,0,0
154,155,157,301,284,295,138,150,143,149,50,45,0,0,0,0
191,187,279,280,166,172,190,208,218,178,0,0,0,0,0,0
27,19,28,108,184,59,188,195,58,0,0,0,0,0,0,0
32,31,22,18,216,213,214,270,271,212,0,0,0,0,0,0
36,181,168,25,20,21,24,86,80,83,81,0,0,0,0,0
63,64,199,206,196,0,0,0,0,0,0,0,0,0,0,0
269,265,129,130,287,296,302,127,126,224,221,209,220,0,0,0
197,201,9,5,15,1,110,103,104,200,261,262,0,0,0,0
43,54,44,53,105,116,106,182,194,193,185,0,0,0,0,0
78,77,74,73,93,92,90,117,109,111,101,52,49,0,0,0
113,122,124,297,288,298,299,98,12,6,2,120,0,0,0,0
173,133,136,185,193,142,275,175,182,195,165,0,0,0,0,0
162,161,155,112,103,107,44,224,222,211,213,49,42,0,0,0
231,41,233,229,258,63,67,36,35,232,66,0,0,0,0,0
269,266,132,146,196,141,151,111,105,102,110,265,0,0,0,0
169,237,240,114,117,115,238,166,138,135,234,177,0,0,0,0
307,97,179,178,113,109,218,208,308,0,0,0,0,0,0,0
180,245,83,84,86,82,259,254,248,167,0,0,0,0,0,0
32,188,139,140,131,52,46,45,191,190,0,0,0,0,0,0
264,256,250,124,122,121,34,119,77,73,75,31,27,28,0,0
216,221,206,199,202,148,147,145,152,26,23,0,0,0,0,0
274,272,271,33,19,18,130,321,126,276,0,0,0,0,0,0
3,4,59,62,58,183,92,89,8,0,0,0,0,0,0,0
80,144,47,151,49,129,86,127,54,128,133,130,84,143,0,0
34,116,197,199,201,196,190,22,108,32,186,188,101,109,0,0
184,150,50,42,149,145,308,193,187,142,182,51,306,0,0,0
222,173,106,152,140,139,0,0,0,0,0,0,0,0,0,0
54,10,25,7,51,0,0,0,0,0,0,0,0,0,0,0
104,105,66,97,0,0,0,0,0,0,0,0,0,0,0,0
124,272,269,266,203,265,0,0,0,0,0,0,0,0,0,0
170,262,248,251,28,32,0,0,0,0,0,0,0,0,0,0
326,302,297,102,322,299,0,0,0,0,0,0,0,0,0,0
255,42,191,2,3,16,6,0,0,0,0,0,0,0,0,0
217,211,22,21,89,93,0,0,0,0,0,0,0,0,0,0
74,37,77,155,0,0,0,0,0,0,0,0,0,0,0,0
240,303,242,0,0,0,0,0,0,0,0,0,0,0,0,0
174,47,237,176,0,0,0,0,0,0,0,0,0,0,0,0
109,138,58,61,117,0,0,0,0,0,0,0,0,0,0,0
259,253,192,190,75,70,73,130,194,0,0,0,0,0,0,0
231,271,41,58,270,277,272,62,37,229,38,39,0,0,0,0
34,116,27,237,241,235,246,111,103,100,220,208,0,0,0,0
264,251,250,221,219,213,273,274,275,193,184,0,0,0,0,0
30,325,21,257,249,43,55,49,324,322,326,0,0,0,0,0
108,289,98,93,285,111,100,287,91,251,263,257,88,87,0,0
54,256,150,48,264,49,136,252,217,47,212,214,140,0,0,0
29,135,277,133,11,14,149,1,146,13,275,23,19,271,0,0
216,45,266,55,267,52,224,218,219,246,265,242,0,0,0,0
40,202,171,203,39,35,168,132,206,145,139,176,0,0,0,0
245,12,2,193,186,6,9,18,34,235,194,0,0,0,0,0
77,121,173,229,123,175,73,74,231,232,180,125,0,0,0,0
273,192,249,213,220,0,0,0,0,0,0,0,0,0,0,0
301,212,0,0,0,0,0,0,0,0,0,0,0,0,0,0
126,194,247,255,183,0,0,0,0,0,0,0,0,0,0,0
68,252,250,131,253,261,0,0,0,0,0,0,0,0,0,0
133,184,213,0,0,0,0,0,0,0,0,0,0,0,0,0
115,235,246,263,104,0,0,0,0,0,0,0,0,0,0,0
271,322,270,279,216,219,221,0,0,0,0,0,0,0,0,0
238,237,247,179,177,235,258,48,53,54,250,242,0,0,0,0
73,75,70,166,181,303,304,307,74,306,56,57,0,0,0,0
324,221,319,325,234,209,219,218,0,0,0,0,0,0,0,0
269,16,216,232,233,208,217,0,0,0,0,0,0,0,0,0
130,280,127,129,68,0,0,0,0,0,0,0,0,0,0,0
175,32,188,192,173,0,0,0,0,0,0,0,0,0,0,0
261,140,296,141,45,55,47,254,301,260,287,292,44,0,0,0
30,299,99,22,103,26,288,148,107,144,284,147,115,0,0,0
123,122,169,191,185,197,178,172,0,0,0,0,0,0,0,0
202,298,289,102,111,199,206,118,295,142,196,151,0,0,0,0
184,124,297,23,194,185,188,20,18,25,294,0,0,0,0,0
65,66,86,54,22,34,50,32,45,82,83,0,0,0,0,0
33,245,234,302,30,16,0,0,0,0,0,0,0,0,0,0
214,241,117,211,103,216,238,0,0,0,0,0,0,0,0,0
5,3,35,41,131,38,36,221,0,0,0,0,0,0,0,0
222,168,166,26,171,31,29,231,232,224,219,0,0,0,0,0
197,199,0,0,0,0,0,0,0,0,0,0,0,0,0,0
300,61,0,0,0,0,0,0,0,0,0,0,0,0,0,0
275,273,274,0,0,0,0,0,0,0,0,0,0,0,0,0
179,166,174,105,107,106,130,126,128,127,60,56,62,98,0,0
276,280,272,277,114,240,246,234,245,102,307,110,304,0,0,0
206,201,241,36,41,235,138,146,237,149,147,203,0,0,0,0
274,278,273,275,120,125,119,124,157,155,162,0,0,0,0,0
209,266,53,43,47,70,73,77,76,265,212,208,0,0,0,0
52,45,55,50,173,178,170,141,135,143,139,32,21,0,0,0
109,108,117,64,68,67,284,289,296,285,0,0,0,0,0,0
183,186,184,19,22,26,5,113,101,7,9,6,104,0,0,0
30,221,218,219,1,17,24,0,0,0,0,0,0,0,0,0
134,150,51,151,54,46,249,253,257,256,175,169,165,0,0,0
100,118,97,220,217,188,187,185,192,322,324,111,0,0,0,0
177,247,248,261,250,0,0,0,0,0,0,0,0,0,0,0
300,304,286,37,290,0,0,0,0,0,0,0,0,0,0,0
1,296,128,126,301,0,0,0,0,0,0,0,0,0,0,0
179,151,276,274,271,29,26,0,0,0,0,0,0,0,0,0
194,181,324,166,261,252,180,189,319,192,322,0,0,0,0,0
140,93,44,91,51,263,258,89,135,147,145,0,0,0,0,0
82,18,102,302,83,285,0,0,0,0,0,0,0,0,0,0
191,184,193,185,250,278,0,0,0,0,0,0,0,0,0,0
245,237,235,57,56,61,63,66,203,241,0,0,0,0,0,0
106,286,300,232,16,6,9,0,0,0,0,0,0,0,0,0
128,149,147,246,0,0,0,0,0,0,0,0,0,0,0,0
51,50,55,237,143,137,0,0,0,0,0,0,0,0,0,0
297,103,116,83,84,105,113,80,86,299,285,0,0,0,0,0
265,306,119,121,166,0,0,0,0,0,0,0,0,0,0,0
201,206,200,319,0,0,0,0,0,0,0,0,0,0,0,0
171,178,262,1,100,172,0,0,0,0,0,0,0,0,0,0
252,295,289,0,0,0,0,0,0,0,0,0,0,0,0,0
24,48,104,97,111,0,0,0,0,0,0,0,0,0,0,0
155,0,0,0,0,0,0,0,0,0,0,0,0,0,0,0
56,60,64,67,65,276,274,270,0,0,0,0,0,0,0,0
47,173,1,30,31,5,175,21,166,10,169,55,0,0,0,0
124,88,123,125,64,93,303,121,67,90,68,305,308,306,0,0
1,2,276,5,231,11,154,232,0,0,0,0,0,0,0,0
91,219,208,120,119,40,0,0,0,0,0,0,0,0,0,0
107,201,97,254,113,249,206,192,0,0,0,0,0,0,0,0
144,161,157,131,278,145,147,273,275,0,0,0,0,0,0,0
99,49,105,186,98,188,195,138,141,143,191,0,0,0,0,0
61,25,18,62,59,249,57,260,257,92,27,89,93,0,0,0
181,165,174,194,140,136,106,192,107,111,110,0,0,0,0,0
133,151,240,246,10,7,16,8,197,199,196,238,234,0,0,0
171,172,74,180,77,185,277,190,78,176,193,189,272,276,0,0
235,237,241,245,17,6,201,202,206,12,291,284,0,0,0,0
202,105,137,145,201,106,0,0,0,0,0,0,0,0,0,0
270,158,155,279,274,0,0,0,0,0,0,0,0,0,0,0
179,191,174,8,16,208,213,167,0,0,0,0,0,0,0,0
4,87,12,92,121,120,231,119,122,232,91,233,0,0,0,0
98,100,285,183,299,188,297,195,54,287,53,99,105,47,0,0
29,81,269,32,202,30,206,196,203,26,83,85,80,0,0,0
110,97,154,21,34,157,246,158,235,161,241,31,25,104,0,0
17,170,9,33,0,0,0,0,0,0,0,0,0,0,0,0
224,90,218,85,0,0,0,0,0,0,0,0,0,0,0,0
3,238,186,211,222,0,0,0,0,0,0,0,0,0,0,0
137,247,43,152,134,31,18,0,0,0,0,0,0,0,0,0
8,275,291,294,5,12,279,272,176,0,0,0,0,0,0,0
57,305,122,130,307,119,0,0,0,0,0,0,0,0,0,0
50,54,192,250,249,53,259,0,0,0,0,0,0,0,0,0
289,157,297,24,321,324,20,158,154,0,0,0,0,0,0,0
197,183,132,265,143,0,0,0,0,0,0,0,0,0,0,0
288,201,133,232,196,298,299,0,0,0,0,0,0,0,0,0
75,169,66,39,68,78,76,64,0,0,0,0,0,0,0,0
41,216,36,147,218,214,38,7,12,2,17,0,0,0,0,0
259,132,299,116,302,296,105,138,106,0,0,0,0,0,0,0
5,229,275,270,271,10,183,195,184,0,0,0,0,0,0,0
154,157,161,3,15,4,192,190,91,92,93,0,0,0,0,0
55,326,44,46,47,171,169,174,173,286,301,0,0,0,0,0
261,253,258,247,58,59,57,62,77,70,78,74,209,0,0,0
28,18,33,29,130,126,54,49,51,139,148,141,0,0,0,0
287,300,294,290,98,117,102,256,255,84,83,82,86,0,0,0
65,67,68,45,53,172,179,177,303,52,0,0,0,0,0,0
191,265,199,189,182,188,200,206,32,19,24,26,269,0,0,0
166,181,176,295,293,150,137,123,120,125,119,133,0,0,0,0
202,196,197,273,276,145,131,136,272,274,0,0,0,0,0,0
82,80,67,63,68,257,264,81,85,261,109,99,0,0,0,0
77,196,78,157,155,161,70,0,0,0,0,0,0,0,0,0
177,188,183,44,49,43,217,221,172,169,0,0,0,0,0,0
249,254,97,112,115,106,262,0,0,0,0,0,0,0,0,0
195,191,260,255,278,212,213,0,0,0,0,0,0,0,0,0
18,167,181,24,29,42,47,54,218,214,20,0,0,0,0,0
206,201,38,33,26,27,39,119,124,123,121,40,0,0,0,0
322,326,325,149,237,234,246,140,0,0,0,0,0,0,0,0
59,30,19,23,231,229,232,61,247,263,250,259,0,0,0,0
192,184,90,91,15,4,93,303,305,87,194,0,0,0,0,0
6,275,179,274,8,173,0,0,0,0,0,0,0,0,0,0
297,293,292,22,114,108,107,28,289,0,0,0,0,0,0,0
83,178,84,85,199,206,284,301,166,179,302,0,0,0,0,0
293,2,192,191,182,12,6,49,47,0,0,0,0,0,0,0
126,127,271,279,277,278,107,117,0,0,0,0,0,0,0,0
13,269,3,189,186,190,265,63,14,0,0,0,0,0,0,0
43,249,55,44,131,136,149,212,52,0,0,0,0,0,0,0
280,273,276,275,308,26,20,27,307,0,0,0,0,0,0,0
324,319,114,101,30,33,113,110,0,0,0,0,0,0,0,0
256,254,18,19,31,15,16,17,5,195,185,194,0,0,0,0
29,295,9,4,240,242,237,245,300,0,0,0,0,0,0,0
257,157,161,241,255,234,238,246,162,109,111,118,0,0,0,0
93,90,124,120,123,70,77,76,50,51,45,53,0,0,0,0
285,97,231,61,59,58,57,286,288,116,112,0,0,0,0,0
201,162,155,196,231,229,233,299,294,297,203,301,154,0,0,0
41,151,136,77,78,73,42,50,40,52,139,35,70,0,0,0
26,170,6,2,17,7,34,148,142,146,0,0,0,0,0,0
240,245,237,83,80,51,81,0,0,0,0,0,0,0,0,0
191,192,107,21,31,118,115,116,250,259,263,0,0,0,0,0
126,90,64,68,92,93,125,119,124,63,129,0,0,0,0,0
23,28,12,14,321,4,60,59,27,326,322,0,0,0,0,0
18,109,98,22,168,167,103,101,184,0,0,0,0,0,0,0
293,102,295,246,242,99,241,106,214,217,211,0,0,0,0,0
195,112,221,186,111,306,213,185,303,113,114,222,0,0,0,0
48,16,145,14,42,51,52,148,3,10,219,0,0,0,0,0
196,56,62,58,64,60,0,0,0,0,0,0,0,0,0,0
54,299,284,287,0,0,0,0,0,0,0,0,0,0,0,0
194,256,193,140,99,259,138,0,0,0,0,0,0,0,0,0
34,279,231,233,0,0,0,0,0,0,0,0,0,0,0,0
325,255,30,326,261,21,274,270,19,0,0,0,0,0,0,0
87,89,119,124,267,120,93,81,0,0,0,0,0,0,0,0
288,200,165,199,294,178,107,112,105,174,0,0,0,0,0,0
33,78,129,295,130,32,75,128,28,297,0,0,0,0,0,0
46,254,175,177,50,218,45,224,213,0,0,0,0,0,0,0
307,235,37,155,154,157,306,39,241,242,0,0,0,0,0,0
29,40,305,18,76,31,307,35,41,78,36,0,0,0,0,0
145,43,140,279,280,54,291,270,46,141,42,0,0,0,0,0
58,273,277,166,113,272,107,62,174,105,0,0,0,0,0,0
267,111,245,266,117,108,234,194,265,118,269,188,195,0,0,0
200,16,6,52,49,45,28,11,51,30,33,206,0,0,0,0
322,184,189,186,319,192,222,91,324,87,220,93,89,0,0,0
1,246,121,238,2,65,66,17,4,241,119,68,0,0,0,0
23,146,151,144,175,26,53,22,181,44,180,170,139,0,0,0
110,168,116,106,134,257,150,137,178,0,0,0,0,0,0,0
127,296,290,161,129,297,128,101,126,114,109,0,0,0,0,0
13,202,224,7,197,165,171,209,5,0,0,0,0,0,0,0
86,102,80,193,84,185,100,21,112,34,0,0,0,0,0,0
53,126,267,129,54,148,266,265,140,51,135,127,52,128,0,0
289,165,279,166,179,274,284,291,292,170,267,265,0,0,0,0
172,9,145,7,174,0,0,0,0,0,0,0,0,0,0,0
303,74,70,0,0,0,0,0,0,0,0,0,0,0,0,0
185,63,232,183,140,139,194,229,193,231,67,233,68,0,0,0
114,273,203,112,0,0,0,0,0,0,0,0,0,0,0,0
263,257,82,27,83,80,117,113,252,253,26,106,0,0,0,0
325,0,0,0,0,0,0,0,0,0,0,0,0,0,0,0
34,23,177,21,176,46,42,0,0,0,0,0,0,0,0,0
240,150,13,245,0,0,0,0,0,0,0,0,0,0,0,0
304,297,284,299,286,73,78,0,0,0,0,0,0,0,0,0
22,21,3,172,181,170,302,295,180,285,0,0,0,0,0,0
33,137,191,183,84,193,186,140,86,147,0,0,0,0,0,0
28,116,113,234,27,287,246,29,107,0,0,0,0,0,0,0
103,88,263,254,117,108,104,261,251,197,0,0,0,0,0,0
118,165,176,106,109,5,13,100,250,252,253,0,0,0,0,0
47,145,55,44,35,37,59,57,62,46,58,0,0,0,0,0
232,233,229,51,48,238,0,0,0,0,0,0,0,0,0,0
166,10,278,11,6,16,126,272,177,275,280,129,167,0,0,0
110,112,115,196,201,17,102,1,12,0,0,0,0,0,0,0
162,161,157,259,249,264,256,267,321,322,265,0,0,0,0,0
248,247,262,260,66,289,63,123,122,125,296,120,0,0,0,0
188,279,275,191,0,0,0,0,0,0,0,0,0,0,0,0
60,59,189,325,190,184,61,0,0,0,0,0,0,0,0,0
85,86,231,232,82,217,10,2,0,0,0,0,0,0,0,0
91,251,273,92,89,93,0,0,0,0,0,0,0,0,0,0
179,237,242,127,0,0,0,0,0,0,0,0,0,0,0,0
165,98,14,175,5,17,0,0,0,0,0,0,0,0,0,0
192,259,0,0,0,0,0,0,0,0,0,0,0,0,0,0
149,0,0,0,0,0,0,0,0,0,0,0,0,0,0,0
123,119,68,45,53,64,0,0,0,0,0,0,0,0,0,0
28,257,263,260,261,30,0,0,0,0,0,0,0,0,0,0
73,15,9,110,0,0,0,0,0,0,0,0,0,0,0,0
196,218,199,201,0,0,0,0,0,0,0,0,0,0,0,0
188,192,194,98,14,106,0,0,0,0,0,0,0,0,0,0
155,86,84,0,0,0,0,0,0,0,0,0,0,0,0,0
120,111,119,201,237,235,0,0,0,0,0,0,0,0,0,0
51,50,47,297,284,136,286,0,0,0,0,0,0,0,0,0
105,272,278,280,289,300,0,0,0,0,0,0,0,0,0,0
44,55,43,59,62,57,288,302,0,0,0,0,0,0,0,0
240,238,77,0,0,0,0,0,0,0,0,0,0,0,0,0
196,149,30,27,0,0,0,0,0,0,0,0,0,0,0,0
54,32,18,21,247,257,0,0,0,0,0,0,0,0,0,0
187,127,189,0,0,0,0,0,0,0,0,0,0,0,0,0
112,137,0,0,0,0,0,0,0,0,0,0,0,0,0,0
249,258,250,63,64,65,28,26,78,74,75,19,30,66,0,0
188,185,187,182,148,147,136,259,120,119,122,125,257,263,0,0
286,302,289,288,25,186,190,184,183,213,221,224,220,0,0,0
196,200,197,206,231,273,274,270,265,266,229,232,277,0,0,0
294,292,295,150,142,131,141,53,42,44,48,171,178,167,0,0
179,3,173,168,240,246,93,88,90,234,245,181,0,0,0,0
52,45,51,151,139,169,118,98,97,172,165,46,138,0,0,0
247,237,241,235,86,80,85,83,0,0,0,0,0,0,0,0
31,18,27,29,133,145,143,135,256,260,0,0,0,0,0,0
126,127,128,194,192,189,191,199,202,203,298,285,300,297,0,0
251,258,137,32,28,23,5,4,12,151,0,0,0,0,0,0
51,52,55,42,77,0,0,0,0,0,0,0,0,0,0,0
126,89,326,319,325,303,308,321,0,0,0,0,0,0,0,0
64,68,102,97,98,101,0,0,0,0,0,0,0,0,0,0
188,184,218,57,56,62,61,50,44,48,0,0,0,0,0,0
83,82,81,40,38,301,286,0,0,0,0,0,0,0,0,0
295,271,277,242,245,246,0,0,0,0,0,0,0,0,0,0
43,264,253,249,49,0,0,0,0,0,0,0,0,0,0,0
263,248,161,157,155,192,182,194,0,0,0,0,0,0,0,0
206,200,300,232,231,229,302,298,285,197,201,0,0,0,0,0
280,275,273,121,125,119,122,221,212,220,213,0,0,0,0,0
287,299,27,118,2,6,8,34,14,0,0,0,0,0,0,0
209,16,11,221,256,0,0,0,0,0,0,0,0,0,0,0
92,277,88,279,82,86,203,197,91,0,0,0,0,0,0,0
111,285,101,296,73,117,238,245,0,0,0,0,0,0,0,0
301,27,102,302,295,108,98,24,51,99,0,0,0,0,0,0
325,8,17,10,319,139,20,25,133,28,324,0,0,0,0,0
12,170,286,5,181,0,0,0,0,0,0,0,0,0,0,0
273,275,253,272,267,260,265,180,0,0,0,0,0,0,0,0
129,177,258,112,257,172,168,251,110,169,0,0,0,0,0,0
231,43,118,52,47,44,201,233,232,0,0,0,0,0,0,0
57,157,261,249,59,161,0,0,0,0,0,0,0,0,0,0
307,68,303,217,67,65,64,222,308,0,0,0,0,0,0,0
12,242,141,211,3,0,0,0,0,0,0,0,0,0,0,0
99,53,98,304,118,45,49,308,265,105,55,0,0,0,0,0
46,196,97,116,54,201,199,202,258,0,0,0,0,0,0,0
264,274,249,217,213,276,0,0,0,0,0,0,0,0,0,0
200,31,87,89,92,33,0,0,0,0,0,0,0,0,0,0
193,301,284,177,121,125,124,180,0,0,0,0,0,0,0,0
74,325,326,18,70,319,0,0,0,0,0,0,0,0,0,0
295,103,287,102,298,233,232,0,0,0,0,0,0,0,0,0
200,113,199,322,136,0,0,0,0,0,0,0,0,0,0,0
248,252,174,178,86,81,263,220,0,0,0,0,0,0,0,0
63,51,54,50,67,66,33,64,20,30,27,0,0,0,0,0
187,101,300,184,190,141,139,116,111,138,0,0,0,0,0,0
304,70,125,123,75,49,76,77,48,0,0,0,0,0,0,0
157,57,61,127,129,250,261,161,154,126,258,255,62,56,0,0
85,270,81,275,279,193,190,0,0,0,0,0,0,0,0,0
261,140,132,48,47,55,248,324,0,0,0,0,0,0,0,0
260,254,250,149,166,171,180,34,169,19,22,0,0,0,0,0
99,161,157,253,264,113,62,57,0,0,0,0,0,0,0,0
202,33,26,143,7,9,10,139,0,0,0,0,0,0,0,0
213,221,220,203,0,0,0,0,0,0,0,0,0,0,0,0
222,263,247,0,0,0,0,0,0,0,0,0,0,0,0,0
241,17,87,93,119,121,0,0,0,0,0,0,0,0,0,0
189,178,177,295,0,0,0,0,0,0,0,0,0,0,0,0
242,240,301,1,14,0,0,0,0,0,0,0,0,0,0,0
43,292,45,51,285,298,131,42,289,0,0,0,0,0,0,0
9,12,299,301,231,233,232,3,0,0,0,0,0,0,0,0
247,196,107,12,104,17,9,5,197,0,0,0,0,0,0,0
42,168,252,109,260,54,55,0,0,0,0,0,0,0,0,0
277,273,275,176,60,57,61,171,59,321,319,0,0,0,0,0
306,292,201,199,0,0,0,0,0,0,0,0,0,0,0,0
18,20,188,296,299,294,150,0,0,0,0,0,0,0,0,0
13,8,4,86,85,80,269,265,232,0,0,0,0,0,0,0
253,259,276,250,254,279,278,130,214,209,127,129,0,0,0,0
67,76,77,70,257,263,264,249,63,0,0,0,0,0,0,0
154,155,158,162,114,284,43,46,47,100,287,0,0,0,0,0
16,1,26,21,31,10,3,216,211,0,0,0,0,0,0,0
242,234,212,222,99,34,241,219,32,0,0,0,0,0,0,0
40,37,173,172,91,90,93,0,0,0,0,0,0,0,0,0
64,275,182,68,63,0,0,0,0,0,0,0,0,0,0,0
89,90,301,289,78,195,0,0,0,0,0,0,0,0,0,0
307,126,136,130,140,0,0,0,0,0,0,0,0,0,0,0
326,222,80,82,83,60,325,221,0,0,0,0,0,0,0,0
189,247,27,31,263,224,209,192,0,0,0,0,0,0,0,0
253,256,6,16,2,259,0,0,0,0,0,0,0,0,0,0
155,295,300,168,181,0,0,0,0,0,0,0,0,0,0,0
235,3,1,234,124,125,121,266,8,0,0,0,0,0,0,0
15,7,290,11,4,22,294,288,0,0,0,0,0,0,0,0
257,165,50,262,176,0,0,0,0,0,0,0,0,0,0,0
251,270,0,0,0,0,0,0,0,0,0,0,0,0,0,0
56,124,123,100,246,242,234,62,119,120,112,102,58,104,0,0
101,106,218,55,53,48,0,0,0,0,0,0,0,0,0,0
158,161,157,155,256,258,252,0,0,0,0,0,0,0,0,0
81,86,322,213,217,0,0,0,0,0,0,0,0,0,0,0
251,305,249,259,234,235,306,308,246,0,0,0,0,0,0,0
300,289,119,109,120,125,291,40,38,35,0,0,0,0,0,0
195,187,117,15,2,203,188,0,0,0,0,0,0,0,0,0
135,146,167,17,4,31,32,20,25,0,0,0,0,0,0,0
114,75,152,108,105,70,60,58,139,149,144,0,0,0,0,0
287,14,7,34,137,297,136,132,0,0,0,0,0,0,0,0
197,200,242,241,240,199,0,0,0,0,0,0,0,0,0,0
27,278,19,22,280,102,97,0,0,0,0,0,0,0,0,0
261,248,189,192,190,255,222,208,216,0,0,0,0,0,0,0
206,254,87,89,91,201,220,0,0,0,0,0,0,0,0,0
179,34,169,194,48,46,193,0,0,0,0,0,0,0,0,0
151,255,141,80,86,81,247,0,0,0,0,0,0,0,0,0
77,76,74,237,234,31,21,0,0,0,0,0,0,0,0,0
307,278,273,280,44,49,50,51,131,143,147,0,0,0,0,0
208,209,218,219,192,182,189,57,61,62,59,0,0,0,0,0
285,301,289,191,284,187,231,229,0,0,0,0,0,0,0,0
29,275,271,279,261,259,249,23,30,181,168,175,272,0,0,0
157,161,10,8,16,64,67,145,135,68,0,0,0,0,0,0
102,108,130,127,45,55,54,137,139,142,0,0,0,0,0,0
112,116,97,240,238,235,324,321,322,0,0,0,0,0,0,0
37,294,293,36,32,19,38,24,0,0,0,0,0,0,0,0
162,155,114,100,105,40,35,36,39,290,284,300,302,0,0,0
80,83,86,231,130,126,128,127,81,233,229,232,0,0,0,0
18,31,25,27,222,221,217,187,194,182,192,286,301,0,0,0
51,45,33,241,237,118,0,0,0,0,0,0,0,0,0,0
112,101,102,240,55,47,48,238,242,56,58,59,57,0,0,0
278,272,279,52,46,54,42,270,287,0,0,0,0,0,0,0
188,190,185,186,208,224,247,264,250,261,19,26,0,0,0,0
216,74,21,29,23,254,256,212,0,0,0,0,0,0,0,0
181,307,276,273,274,203,0,0,0,0,0,0,0,0,0,0
67,66,63,191,189,184,193,121,120,119,125,0,0,0,0,0
135,147,142,295,289,267,266,196,206,199,0,0,0,0,0,0
179,170,171,176,106,10,15,9,117,109,0,0,0,0,0,0
77,138,133,181,122,70,167,140,139,76,120,78,176,165,0,0
206,144,108,197,26,21,105,133,135,141,201,0,0,0,0,0
224,188,221,277,275,280,245,235,209,0,0,0,0,0,0,0
229,192,191,187,127,126,147,149,129,0,0,0,0,0,0,0
45,53,194,193,200,0,0,0,0,0,0,0,0,0,0,0
240,234,237,7,15,256,0,0,0,0,0,0,0,0,0,0
44,269,55,46,265,308,0,0,0,0,0,0,0,0,0,0
134,132,131,32,4,8,47,30,0,0,0,0,0,0,0,0
274,273,271,270,289,287,294,121,119,122,0,0,0,0,0,0
154,157,155,33,31,64,25,85,84,83,65,67,68,0,0,0
293,301,285,222,214,220,217,78,73,70,260,247,0,0,0,0
27,292,297,284,3,10,150,146,145,0,0,0,0,0,0,0
172,176,179,168,139,324,321,57,58,61,0,0,0,0,0,0
31,19,134,46,48,42,123,125,0,0,0,0,0,0,0,0
279,280,61,56,60,62,4,13,6,0,0,0,0,0,0,0
98,25,67,110,102,32,68,224,214,216,0,0,0,0,0,0
259,12,16,218,229,0,0,0,0,0,0,0,0,0,0,0
136,152,150,151,11,111,118,0,0,0,0,0,0,0,0,0
291,297,9,40,36,206,203,1,199,0,0,0,0,0,0,0
249,262,158,162,157,154,176,180,286,302,299,0,0,0,0,0
116,77,75,70,109,105,241,74,0,0,0,0,0,0,0,0
326,307,81,305,83,86,276,0,0,0,0,0,0,0,0,0
99,117,107,196,21,27,30,0,0,0,0,0,0,0,0,0
90,92,89,246,238,26,127,0,0,0,0,0,0,0,0,0
43,51,45,173,175,298,295,0,0,0,0,0,0,0,0,0
291,297,75,78,77,70,54,51,300,295,43,0,0,0,0,0
3,8,10,5,212,220,305,32,18,26,22,0,0,0,0,0
1,17,9,125,124,122,121,319,326,322,289,287,4,0,0,0
177,180,170,168,213,30,29,25,0,0,0,0,0,0,0,0
147,150,140,138,173,181,6,7,250,264,262,0,0,0,0,0
235,246,129,238,237,158,162,154,155,252,127,0,0,0,0,0
219,221,266,102,112,109,101,15,11,0,0,0,0,0,0,0
21,33,134,148,39,41,40,240,234,242,245,0,0,0,0,0
44,45,42,55,68,67,185,64,188,200,206,197,0,0,0,0
89,87,92,90,191,189,232,233,231,299,293,187,0,0,0,0
46,47,53,199,193,201,276,277,270,186,202,0,0,0,0,0
272,280,60,62,58,56,278,301,0,0,0,0,0,0,0,0
39,25,23,115,21,14,15,114,38,37,0,0,0,0,0,0
233,120,237,121,188,191,184,242,0,0,0,0,0,0,0,0
97,9,251,100,135,3,0,0,0,0,0,0,0,0,0,0
43,82,85,267,0,0,0,0,0,0,0,0,0,0,0,0
275,279,270,218,212,0,0,0,0,0,0,0,0,0,0,0
27,31,61,146,285,26,56,59,0,0,0,0,0,0,0,0
113,139,116,141,290,103,151,180,167,169,0,0,0,0,0,0
292,199,302,203,22,18,47,50,0,0,0,0,0,0,0,0
148,87,193,53,51,132,134,145,93,0,0,0,0,0,0,0
238,64,182,68,194,246,304,234,245,0,0,0,0,0,0,0
274,130,276,158,154,278,213,126,216,224,0,0,0,0,0,0
197,33,196,101,104,110,202,0,0,0,0,0,0,0,0,0
130,127,2,6,101,17,104,169,170,128,129,168,108,0,0,0
3,176,147,175,31,148,4,10,151,28,18,0,0,0,0,0
34,46,48,44,65,64,67,20,22,0,0,0,0,0,0,0
142,261,304,256,192,194,253,191,247,0,0,0,0,0,0,0
206,199,248,252,287,298,132,146,0,0,0,0,0,0,0,0
51,172,274,174,171,272,276,52,47,324,0,0,0,0,0,0
186,50,122,131,141,152,135,121,120,123,187,182,0,0,0,0
161,284,297,60,272,56,286,155,62,0,0,0,0,0,0,0
224,202,199,14,16,34,218,0,0,0,0,0,0,0,0,0
35,292,144,152,141,140,36,0,0,0,0,0,0,0,0,0
8,248,117,118,247,133,97,0,0,0,0,0,0,0,0,0
174,178,246,91,241,0,0,0,0,0,0,0,0,0,0,0
64,65,68,319,324,43,50,45,0,0,0,0,0,0,0,0
137,214,170,0,0,0,0,0,0,0,0,0,0,0,0,0
70,221,259,0,0,0,0,0,0,0,0,0,0,0,0,0
298,122,24,123,175,0,0,0,0,0,0,0,0,0,0,0
302,168,301,0,0,0,0,0,0,0,0,0,0,0,0,0
10,7,4,229,233,0,0,0,0,0,0,0,0,0,0,0
234,12,206,271,0,0,0,0,0,0,0,0,0,0,0,0
263,262,98,3,103,179,180,171,258,9,115,252,1,0,0,0
165,173,178,245,51,141,148,234,149,47,50,131,168,0,0,0
195,4,170,12,176,299,11,7,301,183,187,167,175,287,0,0
172,250,118,174,247,107,147,133,177,97,0,0,0,0,0,0
280,271,21,15,70,20,272,279,32,78,76,74,2,0,0,0
270,200,274,84,86,85,267,277,266,197,0,0,0,0,0,0
231,129,233,232,229,128,203,126,62,57,0,0,0,0,0,0
55,218,242,173,221,0,0,0,0,0,0,0,0,0,0,0
203,77,231,196,305,308,0,0,0,0,0,0,0,0,0,0
53,98,45,149,118,138,115,0,0,0,0,0,0,0,0,0
265,185,18,34,27,0,0,0,0,0,0,0,0,0,0,0
179,133,116,114,111,214,222,219,143,0,0,0,0,0,0,0
137,150,131,60,57,167,0,0,0,0,0,0,0,0,0,0
257,183,195,262,0,0,0,0,0,0,0,0,0,0,0,0
319,3,15,326,321,324,7,201,199,0,0,0,0,0,0,0
194,187,4,108,16,113,0,0,0,0,0,0,0,0,0,0
136,237,259,261,101,109,112,0,0,0,0,0,0,0,0,0
274,1,8,104,14,12,0,0,0,0,0,0,0,0,0,0
50,92,147,140,141,86,84,82,88,0,0,0,0,0,0,0
172,300,82,173,179,176,0,0,0,0,0,0,0,0,0,0
256,112,36,0,0,0,0,0,0,0,0,0,0,0,0,0
44,116,171,203,0,0,0,0,0,0,0,0,0,0,0,0
48,297,284,117,108,55,296,0,0,0,0,0,0,0,0,0
16,14,194,202,199,0,0,0,0,0,0,0,0,0,0,0
175,54,52,170,169,46,97,0,0,0,0,0,0,0,0,0
246,100,105,237,32,29,104,0,0,0,0,0,0,0,0,0
266,31,30,265,269,319,0,0,0,0,0,0,0,0,0,0
62,60,144,61,142,285,290,148,152,0,0,0,0,0,0,0
254,279,277,272,275,211,208,250,0,0,0,0,0,0,0,0
229,231,280,276,63,185,68,65,67,0,0,0,0,0,0,0
299,212,157,292,302,288,0,0,0,0,0,0,0,0,0,0
300,107,112,48,46,145,288,143,0,0,0,0,0,0,0,0
256,151,148,264,254,12,3,9,13,150,138,0,0,0,0,0
180,87,93,276,277,278,270,30,91,19,28,165,178,0,0,0
58,62,56,185,183,192,42,190,266,53,61,0,0,0,0,0
45,51,55,290,285,293,196,206,194,182,193,0,0,0,0,0
321,322,325,238,77,74,63,67,73,65,66,241,234,0,0,0
195,184,187,155,161,154,0,0,0,0,0,0,0,0,0,0
23,21,306,38,24,307,120,125,124,121,308,0,0,0,0,0
126,252,249,129,128,32,29,208,221,218,26,258,0,0,0,0
221,170,238,166,240,237,0,0,0,0,0,0,0,0,0,0
269,5,126,266,291,267,0,0,0,0,0,0,0,0,0,0
193,188,255,263,108,84,86,0,0,0,0,0,0,0,0,0
247,251,171,7,17,206,249,0,0,0,0,0,0,0,0,0
143,192,183,93,138,149,0,0,0,0,0,0,0,0,0,0
6,14,1,173,175,0,0,0,0,0,0,0,0,0,0,0
242,48,178,174,177,53,45,46,234,0,0,0,0,0,0,0
112,104,185,191,67,182,68,0,0,0,0,0,0,0,0,0
44,202,114,201,0,0,0,0,0,0,0,0,0,0,0,0
276,274,55,70,77,75,3,0,0,0,0,0,0,0,0,0
134,136,46,54,74,70,52,105,97,104,75,0,0,0,0,0
118,102,183,182,307,303,193,187,100,0,0,0,0,0,0,0
161,10,2,157,273,276,206,8,0,0,0,0,0,0,0,0
26,246,237,285,234,0,0,0,0,0,0,0,0,0,0,0
42,51,67,64,22,224,218,29,33,0,0,0,0,0,0,0
111,257,21,262,260,0,0,0,0,0,0,0,0,0,0,0
85,186,199,196,194,185,0,0,0,0,0,0,0,0,0,0
287,297,213,113,299,279,0,0,0,0,0,0,0,0,0,0
90,61,92,255,58,264,251,0,0,0,0,0,0,0,0,0
261,192,208,191,190,233,231,232,212,0,0,0,0,0,0,0
241,288,294,9,5,1,235,44,12,0,0,0,0,0,0,0
115,266,38,125,124,121,122,35,0,0,0,0,0,0,0,0
53,2,245,17,14,234,51,285,238,46,298,15,0,0,0,0
241,240,111,0,0,0,0,0,0,0,0,0,0,0,0,0
241,57,59,56,234,113,111,199,0,0,0,0,0,0,0,0
293,6,16,286,30,287,0,0,0,0,0,0,0,0,0,0
135,91,246,141,87,42,92,88,242,0,0,0,0,0,0,0
185,191,190,148,0,0,0,0,0,0,0,0,0,0,0,0
149,136,326,165,196,206,200,0,0,0,0,0,0,0,0,0
147,106,132,100,102,119,124,123,70,73,0,0,0,0,0,0
264,252,292,297,261,276,274,271,0,0,0,0,0,0,0,0
229,84,233,270,275,273,112,116,0,0,0,0,0,0,0,0
158,28,54,53,51,12,19,32,0,0,0,0,0,0,0,0
284,305,114,64,63,300,0,0,0,0,0,0,0,0,0,0
35,21,187,184,182,221,212,0,0,0,0,0,0,0,0,0
49,197,229,231,232,206,51,48,47,202,233,1,0,0,0,0
82,83,85,235,234,195,194,191,10,0,0,0,0,0,0,0
179,249,170,252,257,106,32,0,0,0,0,0,0,0,0,0
23,24,18,299,301,173,300,5,0,0,0,0,0,0,0,0
203,279,237,245,276,89,278,201,199,91,271,0,0,0,0,0
220,213,287,0,0,0,0,0,0,0,0,0,0,0,0,0
123,73,75,124,125,119,70,0,0,0,0,0,0,0,0,0
174,178,52,55,44,180,232,229,0,0,0,0,0,0,0,0
22,242,77,287,285,301,34,74,25,30,76,238,0,0,0,0
3,15,13,182,224,217,8,162,154,155,157,211,184,0,0,0
89,88,90,319,203,321,324,216,214,209,93,0,0,0,0,0
114,102,197,201,206,32,23,219,213,218,222,199,0,0,0,0
2,6,12,142,145,144,150,291,284,290,295,14,0,0,0,0
39,183,51,194,91,90,0,0,0,0,0,0,0,0,0,0
133,137,134,306,0,0,0,0,0,0,0,0,0,0,0,0
180,32,172,24,112,105,19,22,0,0,0,0,0,0,0,0
33,25,20,107,113,110,249,0,0,0,0,0,0,0,0,0
321,184,235,324,245,188,0,0,0,0,0,0,0,0,0,0
157,154,102,97,104,161,0,0,0,0,0,0,0,0,0,0
221,216,80,82,86,0,0,0,0,0,0,0,0,0,0,0
199,201,130,70,0,0,0,0,0,0,0,0,0,0,0,0
34,31,148,248,151,295,152,292,0,0,0,0,0,0,0,0
9,297,55,296,206,202,0,0,0,0,0,0,0,0,0,0
108,148,113,146,134,261,169,174,0,0,0,0,0,0,0,0
142,158,157,135,209,161,0,0,0,0,0,0,0,0,0,0
99,151,115,271,275,279,0,0,0,0,0,0,0,0,0,0
34,98,20,258,194,186,247,0,0,0,0,0,0,0,0,0
51,39,75,50,76,78,41,70,6,4,54,45,0,0,0,0
245,235,178,291,89,92,87,295,0,0,0,0,0,0,0,0
240,58,47,241,52,60,246,0,0,0,0,0,0,0,0,0
298,322,284,321,265,266,196,197,199,326,0,0,0,0,0,0
179,106,101,114,112,1,222,214,0,0,0,0,0,0,0,0
291,191,195,186,6,14,133,145,0,0,0,0,0,0,0,0
20,27,270,269,322,31,265,0,0,0,0,0,0,0,0,0
134,206,202,114,102,107,221,196,0,0,0,0,0,0,0,0
241,190,234,214,222,219,192,0,0,0,0,0,0,0,0,0
171,110,21,33,28,174,36,0,0,0,0,0,0,0,0,0
19,26,232,229,169,0,0,0,0,0,0,0,0,0,0,0
246,7,154,161,157,201,1,158,197,200,0,0,0,0,0,0
165,112,56,173,109,306,62,308,0,0,0,0,0,0,0,0
127,68,111,113,103,125,120,64,119,65,0,0,0,0,0,0
220,51,55,217,212,3,0,0,0,0,0,0,0,0,0,0
9,53,50,82,81,86,25,0,0,0,0,0,0,0,0,0
77,74,140,152,115,108,275,271,149,148,70,273,97,0,0,0
152,143,203,33,30,322,319,202,201,0,0,0,0,0,0,0
293,296,298,31,42,52,259,44,20,251,0,0,0,0,0,0
45,48,47,161,158,2,8,85,0,0,0,0,0,0,0,0
256,242,151,142,149,1,252,247,260,0,0,0,0,0,0,0
91,88,87,93,61,60,199,196,206,0,0,0,0,0,0,0
277,280,271,263,221,218,219,224,107,97,98,0,0,0,0,0
36,258,262,0,0,0,0,0,0,0,0,0,0,0,0,0
118,295,10,104,294,290,16,15,0,0,0,0,0,0,0,0
217,187,184,146,133,221,213,189,147,0,0,0,0,0,0,0
78,77,287,288,73,209,220,212,30,74,22,285,293,0,0,0
180,175,258,141,296,142,300,289,143,178,247,264,260,298,0,0
129,192,193,202,130,126,128,4,6,14,201,186,206,0,0,0
36,41,39,28,32,27,177,173,165,5,17,10,0,0,0,0
253,254,255,256,91,90,93,53,45,42,295,301,291,0,0,0
26,29,18,250,257,261,8,0,0,0,0,0,0,0,0,0
240,234,235,11,154,162,2,135,138,3,0,0,0,0,0,0
267,222,232,85,233,86,208,265,269,84,0,0,0,0,0,0
272,270,292,60,61,56,276,0,0,0,0,0,0,0,0,0
308,307,306,279,280,271,248,252,199,196,0,0,0,0,0,0
179,168,324,325,125,121,322,120,183,190,191,174,0,0,0,0
258,298,286,173,293,254,174,145,0,0,0,0,0,0,0,0
83,18,80,33,82,74,70,78,0,0,0,0,0,0,0,0
149,306,146,322,144,325,152,304,303,39,35,0,0,0,0,0
166,15,7,9,137,3,222,208,221,0,0,0,0,0,0,0
68,67,64,157,155,92,93,89,206,197,66,196,201,0,0,0
70,240,253,76,77,73,237,245,0,0,0,0,0,0,0,0
270,51,55,248,42,2,12,14,5,275,271,272,47,0,0,0
105,173,112,250,264,254,287,296,293,176,178,0,0,0,0,0
127,130,110,180,148,129,128,145,0,0,0,0,0,0,0,0
188,8,1,10,17,28,21,23,288,290,300,299,0,0,0,0
84,82,80,81,104,235,238,50,48,0,0,0,0,0,0,0
122,217,123,125,199,202,0,0,0,0,0,0,0,0,0,0
284,298,179,168,171,0,0,0,0,0,0,0,0,0,0,0
262,291,297,58,56,61,11,0,0,0,0,0,0,0,0,0
289,292,290,261,259,254,298,128,127,129,98,102,109,0,0,0
217,86,84,81,83,57,60,221,218,0,0,0,0,0,0,0
67,195,64,182,186,157,158,162,154,152,149,147,184,0,0,0
133,138,140,279,276,121,273,277,119,124,135,173,169,171,0,0
141,148,151,263,260,257,247,26,21,28,0,0,0,0,0,0
206,196,242,325,324,118,106,0,0,0,0,0,0,0,0,0
110,113,166,191,190,188,19,18,112,0,0,0,0,0,0,0
266,231,232,229,245,240,238,8,4,0,0,0,0,0,0,0
181,177,45,50,43,33,46,89,90,88,87,0,0,0,0,0
299,294,288,293,54,52,42,214,213,194,183,192,0,0,0,0
75,70,76,73,51,305,307,306,35,41,37,0,0,0,0,0
135,146,145,132,23,30,31,24,240,237,264,256,257,0,0,0
18,27,22,33,259,250,260,138,139,133,172,175,152,0,0,0
155,157,162,208,213,214,222,298,324,302,326,0,0,0,0,0
35,2,6,7,183,187,38,37,40,232,233,0,0,0,0,0
276,270,278,277,13,92,89,88,0,0,0,0,0,0,0,0
47,46,44,52,242,241,57,62,61,58,238,0,0,0,0,0
185,251,262,9,5,247,86,84,82,83,190,184,0,0,0,0
203,197,200,130,126,128,127,149,147,140,0,0,0,0,0,0
25,21,293,285,299,294,12,16,217,212,219,0,0,0,0,0
304,218,111,107,34,306,305,307,0,0,0,0,0,0,0,0
188,191,195,194,201,202,196,74,73,78,137,141,0,0,0,0
106,103,114,151,148,51,43,45,64,68,67,0,0,0,0,0
269,55,46,43,90,88,93,169,91,0,0,0,0,0,0,0
27,278,246,237,275,6,22,28,241,0,0,0,0,0,0,0
259,261,35,240,242,37,0,0,0,0,0,0,0,0,0,0
100,57,60,62,70,76,129,0,0,0,0,0,0,0,0,0
102,206,199,97,0,0,0,0,0,0,0,0,0,0,0,0
147,260,264,133,145,32,18,23,0,0,0,0,0,0,0,0
252,173,175,124,120,274,257,0,0,0,0,0,0,0,0,0
290,285,295,138,1,15,13,0,0,0,0,0,0,0,0,0
211,111,101,201,196,202,9,0,0,0,0,0,0,0,0,0
82,84,229,81,307,0,0,0,0,0,0,0,0,0,0,0
171,178,150,174,139,144,12,0,0,0,0,0,0,0,0,0
65,326,213,322,221,0,0,0,0,0,0,0,0,0,0,0
290,43,179,48,60,61,46,292,165,62,285,170,0,0,0,0
271,272,273,277,21,0,0,0,0,0,0,0,0,0,0,0
158,152,325,174,151,319,139,172,154,157,322,171,161,0,0,0
52,45,53,298,301,76,44,78,0,0,0,0,0,0,0,0
303,182,148,295,304,138,284,294,305,189,306,289,186,149,0,0
15,132,7,113,280,107,146,270,275,137,13,109,0,0,0,0
257,260,9,17,103,133,135,100,117,145,0,0,0,0,0,0
257,254,22,258,208,117,34,0,0,0,0,0,0,0,0,0
53,47,44,15,17,183,182,192,24,0,0,0,0,0,0,0
18,110,113,104,276,270,275,30,115,0,0,0,0,0,0,0
231,233,229,265,255,259,249,0,0,0,0,0,0,0,0,0
154,197,199,271,279,272,234,245,155,162,0,0,0,0,0,0
221,218,235,237,264,252,260,109,112,0,0,0,0,0,0,0
127,129,62,56,58,59,2,7,16,0,0,0,0,0,0,0
93,91,88,106,103,68,64,45,0,0,0,0,0,0,0,0
176,175,217,169,289,284,301,35,38,0,0,0,0,0,0,0
187,201,298,191,190,76,194,77,299,0,0,0,0,0,0,0
308,54,55,42,307,101,118,108,0,0,0,0,0,0,0,0
31,27,28,120,119,122,123,26,324,319,0,0,0,0,0,0
293,289,288,68,192,63,195,182,286,0,0,0,0,0,0,0
137,322,319,31,29,138,0,0,0,0,0,0,0,0,0,0
99,53,45,33,27,0,0,0,0,0,0,0,0,0,0,0
13,277,275,274,279,38,0,0,0,0,0,0,0,0,0,0
224,59,233,86,60,0,0,0,0,0,0,0,0,0,0,0
260,261,253,161,120,0,0,0,0,0,0,0,0,0,0,0
257,256,114,101,0,0,0,0,0,0,0,0,0,0,0,0
48,149,196,201,202,0,0,0,0,0,0,0,0,0,0,0
76,73,93,91,212,222,216,0,0,0,0,0,0,0,0,0
106,150,301,287,0,0,0,0,0,0,0,0,0,0,0,0
263,255,240,234,247,238,0,0,0,0,0,0,0,0,0,0
151,206,18,19,145,6,0,0,0,0,0,0,0,0,0,0
214,301,206,0,0,0,0,0,0,0,0,0,0,0,0,0
34,15,7,90,0,0,0,0,0,0,0,0,0,0,0,0
304,33,246,307,83,80,20,306,0,0,0,0,0,0,0,0
238,234,119,231,233,125,229,242,124,0,0,0,0,0,0,0
218,104,208,65,110,0,0,0,0,0,0,0,0,0,0,0
256,262,19,278,272,271,106,102,0,0,0,0,0,0,0,0
324,130,319,128,59,22,26,326,62,0,0,0,0,0,0,0
136,11,54,0,0,0,0,0,0,0,0,0,0,0,0,0
189,195,101,178,194,112,76,167,0,0,0,0,0,0,0,0
290,37,298,108,295,300,0,0,0,0,0,0,0,0,0,0
188,183,152,162,135,0,0,0,0,0,0,0,0,0,0,0
242,177,82,84,238,83,234,0,0,0,0,0,0,0,0,0
32,33,26,140,152,146,263,247,253,219,216,0,0,0,0,0
294,36,41,273,275,270,292,271,31,21,290,40,38,0,0,0
172,170,218,212,5,2,99,100,0,0,0,0,0,0,0,0
255,252,259,295,300,123,119,298,0,0,0,0,0,0,0,0
233,206,22,57,196,229,25,56,27,0,0,0,0,0,0,0
104,118,109,145,132,133,258,264,30,0,0,0,0,0,0,0
89,93,91,7,16,250,254,168,90,171,248,167,4,0,0,0
74,77,235,237,246,224,70,209,217,78,17,0,0,0,0,0
200,197,201,126,192,194,184,127,128,129,0,0,0,0,0,0
183,154,158,155,186,191,267,306,185,0,0,0,0,0,0,0
299,288,286,63,67,182,190,8,9,0,0,0,0,0,0,0
31,168,203,172,0,0,0,0,0,0,0,0,0,0,0,0
303,197,0,0,0,0,0,0,0,0,0,0,0,0,0,0
213,219,166,177,118,0,0,0,0,0,0,0,0,0,0,0
208,106,104,222,0,0,0,0,0,0,0,0,0,0,0,0
189,194,188,241,0,0,0,0,0,0,0,0,0,0,0,0
246,234,6,7,11,233,0,0,0,0,0,0,0,0,0,0
81,40,49,68,54,46,0,0,0,0,0,0,0,0,0,0
92,326,51,42,0,0,0,0,0,0,0,0,0,0,0,0
43,55,161,70,75,0,0,0,0,0,0,0,0,0,0,0
292,125,122,61,279,0,0,0,0,0,0,0,0,0,0,0
30,101,190,183,195,98,26,0,0,0,0,0,0,0,0,0
171,265,102,109,192,0,0,0,0,0,0,0,0,0,0,0
248,255,110,201,200,116,199,113,97,19,18,261,23,0,0,0
250,256,257,16,78,0,0,0,0,0,0,0,0,0,0,0
5,6,174,169,139,132,14,0,0,0,0,0,0,0,0,0
208,185,123,121,119,122,0,0,0,0,0,0,0,0,0,0
306,53,307,128,127,54,46,105,112,0,0,0,0,0,0,0
242,1,17,28,222,213,0,0,0,0,0,0,0,0,0,0
269,171,178,84,158,162,154,83,173,0,0,0,0,0,0,0
241,231,170,229,165,166,61,57,56,0,0,0,0,0,0,0
9,6,234,242,3,33,20,188,18,15,190,241,238,191,0,0
107,53,43,101,99,229,278,272,231,46,48,232,233,270,0,0
74,100,214,219,220,212,73,263,257,114,75,76,117,248,0,0
8,7,0,0,0,0,0,0,0,0,0,0,0,0,0,0
115,255,302,293,0,0,0,0,0,0,0,0,0,0,0,0
300,275,271,172,0,0,0,0,0,0,0,0,0,0,0,0
184,50,326,322,54,186,145,148,149,42,194,44,321,141,0,0
264,111,106,256,110,73,0,0,0,0,0,0,0,0,0,0
38,203,178,0,0,0,0,0,0,0,0,0,0,0,0,0
86,117,235,237,242,115,301,0,0,0,0,0,0,0,0,0
150,167,182,195,190,0,0,0,0,0,0,0,0,0,0,0
295,50,43,87,93,0,0,0,0,0,0,0,0,0,0,0
206,17,4,265,196,294,0,0,0,0,0,0,0,0,0,0
57,61,63,68,64,14,0,0,0,0,0,0,0,0,0,0
104,192,97,105,98,221,217,0,0,0,0,0,0,0,0,0
162,154,112,26,108,307,0,0,0,0,0,0,0,0,0,0
245,45,51,275,233,280,0,0,0,0,0,0,0,0,0,0
119,123,125,145,136,141,148,0,0,0,0,0,0,0,0,0
34,189,188,33,23,171,0,0,0,0,0,0,0,0,0,0
114,238,2,166,104,0,0,0,0,0,0,0,0,0,0,0
289,40,292,12,259,261,37,36,247,1,0,0,0,0,0,0
201,267,197,276,0,0,0,0,0,0,0,0,0,0,0,0
250,49,73,75,70,254,260,0,0,0,0,0,0,0,0,0
61,272,30,101,0,0,0,0,0,0,0,0,0,0,0,0
208,222,219,131,141,217,0,0,0,0,0,0,0,0,0,0
325,322,326,65,174,262,176,319,263,256,0,0,0,0,0,0
189,191,184,183,257,264,148,139,0,0,0,0,0,0,0,0
231,192,232,233,193,229,155,154,158,306,0,0,0,0,0,0
218,300,212,165,170,0,0,0,0,0,0,0,0,0,0,0
84,149,140,126,97,81,83,113,0,0,0,0,0,0,0,0
241,136,145,110,242,0,0,0,0,0,0,0,0,0,0,0
85,298,83,82,81,32,33,18,166,0,0,0,0,0,0,0
246,55,45,43,130,242,295,301,127,128,129,234,0,0,0,0
182,192,64,63,68,190,98,264,251,97,113,191,0,0,0,0
240,125,121,122,120,54,53,42,241,137,238,135,152,0,0,0
90,158,290,284,299,0,0,0,0,0,0,0,0,0,0,0
231,61,229,59,233,232,218,62,58,212,0,0,0,0,0,0
195,189,22,19,31,186,0,0,0,0,0,0,0,0,0,0
14,134,75,131,143,73,74,15,0,0,0,0,0,0,0,0
162,75,41,157,70,84,82,0,0,0,0,0,0,0,0,0
180,8,200,206,202,18,32,23,178,13,0,0,0,0,0,0
118,65,224,257,109,262,219,68,66,104,211,260,0,0,0,0
240,43,234,10,128,127,1,14,237,51,45,47,9,0,0,0
266,302,165,290,265,0,0,0,0,0,0,0,0,0,0,0
263,208,214,235,218,107,114,103,0,0,0,0,0,0,0,0
273,52,55,279,166,0,0,0,0,0,0,0,0,0,0,0
274,276,194,188,2,11,277,17,252,255,256,190,0,0,0,0
285,247,121,326,322,296,299,259,292,249,124,119,0,0,0,0
189,191,183,195,151,145,0,0,0,0,0,0,0,0,0,0
295,113,110,301,300,102,169,176,179,0,0,0,0,0,0,0
56,99,111,307,97,0,0,0,0,0,0,0,0,0,0,0
20,32,211,213,202,220,218,253,259,206,203,0,0,0,0,0
155,157,158,154,269,193,200,197,201,199,191,0,0,0,0,0
13,2,12,74,33,75,76,31,30,263,264,257,258,29,0,0
190,195,187,133,137,143,254,19,18,21,26,144,194,0,0,0
9,11,299,174,44,47,179,166,0,0,0,0,0,0,0,0
240,14,82,83,84,234,0,0,0,0,0,0,0,0,0,0
68,274,63,39,37,279,0,0,0,0,0,0,0,0,0,0
271,270,142,108,101,214,208,221,275,280,151,131,0,0,0,0
113,110,241,237,126,129,128,28,103,130,0,0,0,0,0,0
54,119,304,122,120,307,49,220,221,209,43,50,0,0,0,0
172,170,1,7,104,118,21,27,29,111,12,166,0,0,0,0
285,61,57,289,116,114,107,300,182,189,191,0,0,0,0,0
325,39,326,38,106,92,110,0,0,0,0,0,0,0,0,0
200,201,196,9,11,2,32,33,28,197,0,0,0,0,0,0
130,255,51,264,63,64,129,67,66,48,55,0,0,0,0,0
253,254,154,162,109,105,234,240,237,238,155,260,0,0,0,0
271,279,273,30,259,250,251,18,270,22,19,261,5,14,0,0
78,8,75,17,301,295,0,0,0,0,0,0,0,0,0,0
247,45,216,213,218,256,252,101,99,113,0,0,0,0,0,0
298,302,133,146,292,233,86,82,231,138,0,0,0,0,0,0
261,305,265,84,80,251,0,0,0,0,0,0,0,0,0,0
76,58,137,197,200,75,149,196,201,0,0,0,0,0,0,0
111,107,212,218,150,219,0,0,0,0,0,0,0,0,0,0
182,32,298,191,190,247,252,23,19,22,0,0,0,0,0,0
241,178,15,125,171,166,238,0,0,0,0,0,0,0,0,0
240,242,276,278,51,54,270,187,185,237,0,0,0,0,0,0
179,173,176,105,222,217,0,0,0,0,0,0,0,0,0,0
188,195,184,6,52,189,0,0,0,0,0,0,0,0,0,0
174,168,9,322,326,4,232,175,0,0,0,0,0,0,0,0
27,26,170,181,49,42,167,45,0,0,0,0,0,0,0,0
63,68,65,87,89,10,66,0,0,0,0,0,0,0,0,0
20,271,41,30,275,202,206,35,0,0,0,0,0,0,0,0
237,171,46,180,50,170,242,0,0,0,0,0,0,0,0,0
16,118,9,10,17,110,20,29,34,0,0,0,0,0,0,0
161,155,67,65,68,19,18,33,28,276,273,279,0,0,0,0
300,125,38,124,122,295,301,293,187,182,36,0,0,0,0,0
5,55,42,284,287,263,248,261,264,0,0,0,0,0,0,0
232,82,84,206,83,231,233,229,0,0,0,0,0,0,0,0
307,278,306,324,321,234,235,275,326,0,0,0,0,0,0,0
173,104,192,190,188,31,30,114,0,0,0,0,0,0,0,0
185,186,57,62,56,146,131,221,214,0,0,0,0,0,0,0
21,74,222,202,196,201,0,0,0,0,0,0,0,0,0,0
128,127,179,174,4,176,3,296,285,0,0,0,0,0,0,0
142,321,19,32,22,325,148,273,149,136,322,0,0,0,0,0
133,259,30,299,131,31,260,253,150,0,0,0,0,0,0,0
206,199,105,235,197,234,238,102,6,0,0,0,0,0,0,0
250,308,258,161,307,158,112,162,108,110,249,264,303,0,0,0
11,5,92,88,91,200,201,203,65,0,0,0,0,0,0,0
44,288,50,263,255,144,140,53,252,0,0,0,0,0,0,0
190,269,266,33,147,194,145,29,265,18,0,0,0,0,0,0
141,292,285,186,176,189,182,146,0,0,0,0,0,0,0,0
57,137,134,143,144,68,65,64,102,97,0,0,0,0,0,0
77,176,89,91,70,13,73,0,0,0,0,0,0,0,0,0
240,285,299,28,31,241,0,0,0,0,0,0,0,0,0,0
4,2,186,201,7,191,262,192,0,0,0,0,0,0,0,0
301,277,217,120,218,221,297,271,279,123,122,0,0,0,0,0
303,219,214,41,265,35,306,220,308,0,0,0,0,0,0,0
206,131,106,105,138,199,0,0,0,0,0,0,0,0,0,0
132,26,21,184,152,150,151,108,118,182,0,0,0,0,0,0
110,34,101,136,104,23,133,0,0,0,0,0,0,0,0,0
139,291,293,161,158,154,149,147,0,0,0,0,0,0,0,0
260,258,232,229,326,255,261,0,0,0,0,0,0,0,0,0
30,298,222,237,235,292,27,0,0,0,0,0,0,0,0,0
89,91,90,321,192,188,36,325,322,93,40,41,185,182,0,0
5,14,193,152,135,139,195,258,250,4,183,252,16,248,0,0
120,296,121,274,235,0,0,0,0,0,0,0,0,0,0,0
101,104,53,54,55,0,0,0,0,0,0,0,0,0,0,0
155,83,256,84,196,0,0,0,0,0,0,0,0,0,0,0
222,25,48,214,289,224,298,21,0,0,0,0,0,0,0,0
130,46,113,103,102,114,10,17,0,0,0,0,0,0,0,0
245,234,237,137,266,293,0,0,0,0,0,0,0,0,0,0
240,234,53,50,55,0,0,0,0,0,0,0,0,0,0,0
114,291,196,168,115,200,300,0,0,0,0,0,0,0,0,0
235,201,29,237,203,61,0,0,0,0,0,0,0,0,0,0
174,181,189,169,0,0,0,0,0,0,0,0,0,0,0,0
295,254,267,136,261,250,0,0,0,0,0,0,0,0,0,0
161,158,192,0,0,0,0,0,0,0,0,0,0,0,0,0
78,77,75,38,41,0,0,0,0,0,0,0,0,0,0,0
293,296,284,89,87,120,125,0,0,0,0,0,0,0,0,0
22,32,152,137,0,0,0,0,0,0,0,0,0,0,0,0
216,273,271,301,0,0,0,0,0,0,0,0,0,0,0,0
53,54,224,240,0,0,0,0,0,0,0,0,0,0,0,0
203,43,15,7,0,0,0,0,0,0,0,0,0,0,0,0
321,56,59,60,51,64,45,322,0,0,0,0,0,0,0,0
21,29,140,144,138,125,27,0,0,0,0,0,0,0,0,0
265,87,90,89,12,16,92,266,0,0,0,0,0,0,0,0
256,19,31,104,116,142,131,0,0,0,0,0,0,0,0,0
28,109,97,101,117,148,0,0,0,0,0,0,0,0,0,0
183,75,162,306,185,0,0,0,0,0,0,0,0,0,0,0
110,127,200,0,0,0,0,0,0,0,0,0,0,0,0,0
222,39,220,221,136,0,0,0,0,0,0,0,0,0,0,0
301,258,1,5,0,0,0,0,0,0,0,0,0,0,0,0
234,231,229,232,237,0,0,0,0,0,0,0,0,0,0,0
43,130,161,155,231,0,0,0,0,0,0,0,0,0,0,0
298,288,242,0,0,0,0,0,0,0,0,0,0,0,0,0
49,17,3,15,303,43,200,0,0,0,0,0,0,0,0,0
197,151,234,242,206,245,202,0,0,0,0,0,0,0,0,0
171,59,60,57,167,150,0,0,0,0,0,0,0,0,0,0
260,112,270,279,274,5,4,0,0,0,0,0,0,0,0,0
162,155,161,157,32,26,33,123,0,0,0,0,0,0,0,0
22,0,0,0,0,0,0,0,0,0,0,0,0,0,0,0
253,263,300,292,48,51,0,0,0,0,0,0,0,0,0,0
231,67,64,0,0,0,0,0,0,0,0,0,0,0,0,0
209,221,216,217,53,80,81,86,46,0,0,0,0,0,0,0
265,39,14,40,0,0,0,0,0,0,0,0,0,0,0,0
190,191,213,0,0,0,0,0,0,0,0,0,0,0,0,0
276,275,10,91,9,298,284,1,0,0,0,0,0,0,0,0
0,0,0,0,0,0,0,0,0,0,0,0,0,0,0,0
88,33,0,0,0,0,0,0,0,0,0,0,0,0,0,0
135,289,288,195,285,194,140,0,0,0,0,0,0,0,0,0
121,8,249,122,125,0,0,0,0,0,0,0,0,0,0,0
287,109,150,138,291,105,118,293,151,113,147,52,55,42,0,0
235,245,85,237,242,42,47,55,65,68,67,64,0,0,0,0
37,133,40,136,0,0,0,0,0,0,0,0,0,0,0,0
107,101,105,111,289,287,196,0,0,0,0,0,0,0,0,0
48,150,131,152,321,51,325,322,0,0,0,0,0,0,0,0
19,27,294,12,2,23,300,292,0,0,0,0,0,0,0,0
189,192,295,74,77,296,0,0,0,0,0,0,0,0,0,0
17,1,14,293,288,232,218,0,0,0,0,0,0,0,0,0
154,217,178,6,162,169,174,155,0,0,0,0,0,0,0,0
121,197,271,145,279,124,120,119,202,0,0,0,0,0,0,0
57,241,59,273,0,0,0,0,0,0,0,0,0,0,0,0
93,138,256,149,91,53,45,0,0,0,0,0,0,0,0,0
187,261,140,141,188,0,0,0,0,0,0,0,0,0,0,0
264,260,249,257,59,60,58,56,6,12,209,0,0,0,0,0
20,170,26,3,31,256,261,0,0,0,0,0,0,0,0,0
84,81,80,130,128,218,220,278,275,276,274,0,0,0,0,0
21,33,195,192,188,294,152,149,298,132,151,288,0,0,0,0
194,183,193,119,125,120,157,155,162,0,0,0,0,0,0,0
103,101,75,73,78,77,279,273,280,55,43,54,0,0,0,0
326,319,41,38,40,7,10,197,196,203,206,0,0,0,0,0
166,176,174,181,116,105,113,117,199,187,191,182,201,0,0,0
48,45,42,175,173,165,246,171,241,235,50,0,0,0,0,0
248,259,252,299,285,145,178,262,0,0,0,0,0,0,0,0
91,87,90,232,53,47,229,64,0,0,0,0,0,0,0,0
14,15,306,304,305,303,263,255,1,0,0,0,0,0,0,0
241,240,31,21,242,325,245,199,200,29,0,0,0,0,0,0
22,106,138,70,78,77,142,0,0,0,0,0,0,0,0,0
229,232,259,63,260,255,123,119,121,65,67,0,0,0,0,0
84,144,81,86,40,141,147,139,38,0,0,0,0,0,0,0
16,103,10,166,0,0,0,0,0,0,0,0,0,0,0,0
26,145,137,178,149,7,17,176,0,0,0,0,0,0,0,0
297,246,238,237,235,51,48,0,0,0,0,0,0,0,0,0
60,99,102,161,157,59,154,0,0,0,0,0,0,0,0,0
55,49,50,148,129,15,130,126,143,8,0,0,0,0,0,0
131,150,146,134,191,187,183,3,0,0,0,0,0,0,0,0
19,179,173,263,257,0,0,0,0,0,0,0,0,0,0,0
101,105,148,19,150,138,0,0,0,0,0,0,0,0,0,0
21,117,51,54,97,0,0,0,0,0,0,0,0,0,0,0
242,237,238,9,59,61,0,0,0,0,0,0,0,0,0,0
206,15,292,202,270,196,0,0,0,0,0,0,0,0,0,0
35,125,124,39,121,38,41,178,152,0,0,0,0,0,0,0
158,165,304,161,219,217,0,0,0,0,0,0,0,0,0,0
199,48,201,103,107,116,288,289,0,0,0,0,0,0,0,0
234,171,224,220,1,0,0,0,0,0,0,0,0,0,0,0
113,169,183,65,67,68,182,66,0,0,0,0,0,0,0,0
132,0,0,0,0,0,0,0,0,0,0,0,0,0,0,0
172,178,174,45,51,47,0,0,0,0,0,0,0,0,0,0
91,275,93,88,50,216,277,274,0,0,0,0,0,0,0,0
136,33,21,176,26,131,133,0,0,0,0,0,0,0,0,0
116,193,98,173,109,195,0,0,0,0,0,0,0,0,0,0
68,127,67,325,319,0,0,0,0,0,0,0,0,0,0,0
166,295,179,304,18,28,0,0,0,0,0,0,0,0,0,0
194,185,233,183,182,301,0,0,0,0,0,0,0,0,0,0
35,3,158,161,74,40,39,0,0,0,0,0,0,0,0,0
30,196,201,202,264,0,0,0,0,0,0,0,0,0,0,0
263,255,256,148,296,293,299,261,0,0,0,0,0,0,0,0
82,85,86,125,124,121,84,0,0,0,0,0,0,0,0,0
52,300,286,57,61,58,0,0,0,0,0,0,0,0,0,0
134,150,17,222,4,9,152,287,15,212,132,0,0,0,0,0
86,82,169,83,45,51,183,185,182,176,172,165,0,0,0,0
321,56,59,58,322,326,256,264,252,257,106,103,118,0,0,0
126,151,28,20,32,128,127,157,144,162,155,154,129,0,0,0
97,275,280,274,116,111,307,278,308,34,306,98,23,0,0,0
54,46,41,36,35,99,113,105,102,217,216,220,0,0,0,0
44,55,286,302,292,141,140,299,1,0,0,0,0,0,0,0
232,112,109,104,245,108,231,235,240,229,0,0,0,0,0,0
289,218,193,186,196,201,219,293,297,211,188,0,0,0,0,0
19,33,26,101,6,117,115,124,123,125,0,0,0,0,0,0
194,191,195,189,92,91,276,272,279,273,199,202,0,0,0,0
9,8,28,152,22,11,10,0,0,0,0,0,0,0,0,0
97,105,92,124,122,119,189,0,0,0,0,0,0,0,0,0
148,188,185,234,62,0,0,0,0,0,0,0,0,0,0,0
40,48,262,36,42,39,65,250,251,50,53,0,0,0,0,0
182,188,15,17,184,183,99,103,12,104,23,109,0,0,0,0
260,55,211,255,43,229,47,252,257,232,0,0,0,0,0,0
128,127,266,264,256,253,265,161,162,157,158,0,0,0,0,0
49,140,191,187,189,62,147,131,44,54,52,56,58,0,0,0
326,270,9,4,6,102,10,322,112,114,115,325,319,0,0,0
137,288,197,203,199,201,300,151,302,0,0,0,0,0,0,0
276,152,279,139,149,305,303,308,117,106,273,100,97,307,0,0
124,16,13,119,92,118,116,113,110,125,121,0,0,0,0,0
263,11,2,14,83,82,208,213,218,216,261,254,247,0,0,0
165,237,294,299,298,134,287,180,170,144,235,242,0,0,0,0
106,149,52,141,115,49,104,46,256,47,146,138,0,0,0,0
16,7,24,249,23,0,0,0,0,0,0,0,0,0,0,0
128,99,274,127,278,130,0,0,0,0,0,0,0,0,0,0
206,56,124,203,61,125,0,0,0,0,0,0,0,0,0,0
131,175,180,2,145,174,4,289,135,0,0,0,0,0,0,0
15,261,304,12,306,208,222,255,0,0,0,0,0,0,0,0
221,326,154,321,147,151,319,0,0,0,0,0,0,0,0,0
267,113,105,112,172,166,0,0,0,0,0,0,0,0,0,0
92,111,107,137,139,89,53,51,50,0,0,0,0,0,0,0
183,109,194,213,108,220,260,0,0,0,0,0,0,0,0,0
301,300,298,50,48,49,152,131,150,0,0,0,0,0,0,0
276,280,275,297,259,264,251,173,172,168,180,284,0,0,0,0
286,285,290,128,45,52,126,53,217,219,130,0,0,0,0,0
181,20,23,179,105,98,170,104,166,29,0,0,0,0,0,0
9,15,120,119,124,246,103,16,110,0,0,0,0,0,0,0
248,256,262,165,174,169,140,144,206,201,0,0,0,0,0,0
21,33,75,70,74,65,67,63,28,41,38,36,64,0,0,0
255,56,58,112,113,279,271,273,261,249,114,0,0,0,0,0
118,238,84,237,85,108,82,83,0,0,0,0,0,0,0,0
289,18,214,216,295,171,0,0,0,0,0,0,0,0,0,0
190,192,89,93,92,117,87,51,43,42,99,184,0,0,0,0
41,63,40,66,106,65,197,39,67,38,111,0,0,0,0,0
280,251,108,273,0,0,0,0,0,0,0,0,0,0,0,0
171,7,247,0,0,0,0,0,0,0,0,0,0,0,0,0
326,196,117,203,321,112,36,114,322,37,324,199,40,0,0,0
169,93,252,274,260,89,275,256,277,264,171,0,0,0,0,0
26,47,51,24,10,50,33,15,235,242,237,0,0,0,0,0
221,216,177,167,11,305,6,307,165,17,170,308,306,213,0,0
201,233,66,262,247,202,67,229,197,65,231,0,0,0,0,0
78,193,132,151,144,70,76,74,189,192,0,0,0,0,0,0
261,250,258,194,121,119,123,187,288,290,190,120,259,0,0,0
18,53,301,137,300,45,297,55,136,0,0,0,0,0,0,0
295,128,254,251,257,253,219,208,220,287,298,0,0,0,0,0
124,1,17,13,119,120,206,194,199,0,0,0,0,0,0,0
130,258,18,26,24,33,0,0,0,0,0,0,0,0,0,0
222,4,157,162,158,144,149,136,141,0,0,0,0,0,0,0
21,32,23,167,181,40,0,0,0,0,0,0,0,0,0,0
213,238,246,221,43,48,45,0,0,0,0,0,0,0,0,0
301,300,232,0,0,0,0,0,0,0,0,0,0,0,0,0
263,86,53,54,255,55,80,0,0,0,0,0,0,0,0,0
192,170,165,325,276,319,189,0,0,0,0,0,0,0,0,0
277,275,63,64,67,242,0,0,0,0,0,0,0,0,0,0
19,20,11,34,15,152,145,0,0,0,0,0,0,0,0,0
294,111,10,287,304,5,9,106,100,0,0,0,0,0,0,0
57,61,56,298,70,0,0,0,0,0,0,0,0,0,0,0
173,140,247,261,257,104,117,0,0,0,0,0,0,0,0,0
110,0,0,0,0,0,0,0,0,0,0,0,0,0,0,0
39,35,97,110,304,308,0,0,0,0,0,0,0,0,0,0
173,200,180,201,109,103,175,0,0,0,0,0,0,0,0,0
51,266,267,49,14,9,0,0,0,0,0,0,0,0,0,0
146,55,135,152,47,68,63,67,64,0,0,0,0,0,0,0
248,134,61,57,143,58,0,0,0,0,0,0,0,0,0,0
261,259,197,202,132,139,218,0,0,0,0,0,0,0,0,0
6,120,276,274,275,15,91,0,0,0,0,0,0,0,0,0
237,245,238,128,23,29,20,129,0,0,0,0,0,0,0,0
70,34,2,26,78,74,76,0,0,0,0,0,0,0,0,0
18,190,195,21,31,232,233,231,192,0,0,0,0,0,0,0
241,235,285,114,112,302,0,0,0,0,0,0,0,0,0,0
88,138,152,141,89,90,218,220,150,0,0,0,0,0,0,0
189,195,203,13,188,199,0,0,0,0,0,0,0,0,0,0
32,221,52,26,41,37,0,0,0,0,0,0,0,0,0,0
173,2,166,231,57,56,233,4,12,232,229,0,0,0,0,0
182,48,256,242,263,251,50,184,183,191,0,0,0,0,0,0
116,270,267,107,83,86,0,0,0,0,0,0,0,0,0,0
290,276,300,196,200,197,202,277,272,302,0,0,0,0,0,0
208,240,10,194,192,238,1,0,0,0,0,0,0,0,0,0
171,78,77,169,180,140,0,0,0,0,0,0,0,0,0,0
24,128,130,136,0,0,0,0,0,0,0,0,0,0,0,0
97,110,113,5,63,68,65,301,289,14,6,0,0,0,0,0
322,123,53,44,252,319,255,51,121,326,0,0,0,0,0,0
49,101,14,17,22,28,50,48,19,34,106,114,0,0,0,0
258,249,295,301,20,208,220,24,25,0,0,0,0,0,0,0
325,273,278,274,169,276,322,324,170,176,0,0,0,0,0,0
248,260,279,271,270,275,64,32,63,23,30,29,0,0,0,0
122,240,246,235,125,233,87,88,90,232,0,0,0,0,0,0
161,157,162,154,113,110,190,185,182,195,257,253,0,0,0,0
38,37,55,43,54,47,105,109,57,56,62,108,0,0,0,0
308,307,73,75,77,76,1,5,0,0,0,0,0,0,0,0
247,261,192,183,187,263,0,0,0,0,0,0,0,0,0,0
173,178,172,18,21,31,27,134,149,144,285,0,0,0,0,0
214,115,139,141,218,220,0,0,0,0,0,0,0,0,0,0
111,212,175,180,0,0,0,0,0,0,0,0,0,0,0,0
78,30,75,29,321,199,196,34,322,324,77,19,201,74,0,0
175,120,118,165,178,125,247,260,250,122,123,101,99,181,0,0
214,10,217,246,238,224,7,13,218,129,8,235,128,0,0,0
27,287,28,31,299,288,25,2,140,132,139,138,6,12,0,0
289,176,32,23,24,45,169,168,26,301,171,291,0,0,0,0
326,131,85,319,136,86,0,0,0,0,0,0,0,0,0,0
16,130,4,154,155,158,261,7,8,129,0,0,0,0,0,0
196,99,101,255,247,201,200,202,0,0,0,0,0,0,0,0
192,266,57,235,193,0,0,0,0,0,0,0,0,0,0,0
41,34,112,231,233,97,23,116,229,0,0,0,0,0,0,0
165,151,180,292,123,134,287,0,0,0,0,0,0,0,0,0
0,0,0,0,0,0,0,0,0,0,0,0,0,0,0,0
93,89,74,88,0,0,0,0,0,0,0,0,0,0,0,0
51,1,11,5,48,0,0,0,0,0,0,0,0,0,0,0
279,271,30,248,0,0,0,0,0,0,0,0,0,0,0,0
240,290,53,54,237,0,0,0,0,0,0,0,0,0,0,0
199,161,155,166,201,197,214,212,0,0,0,0,0,0,0,0
123,125,121,206,254,258,172,0,0,0,0,0,0,0,0,0
191,193,245,0,0,0,0,0,0,0,0,0,0,0,0,0
292,295,30,168,34,171,188,288,176,192,0,0,0,0,0,0
4,1,139,64,273,65,66,279,277,142,0,0,0,0,0,0
145,12,2,117,113,150,248,252,0,0,0,0,0,0,0,0
128,84,229,233,81,86,300,129,0,0,0,0,0,0,0,0
263,256,255,190,319,195,216,222,219,0,0,0,0,0,0,0
147,140,149,112,50,45,46,98,0,0,0,0,0,0,0,0
218,220,74,213,298,291,135,289,0,0,0,0,0,0,0,0
43,249,141,261,259,0,0,0,0,0,0,0,0,0,0,0
87,37,35,56,62,0,0,0,0,0,0,0,0,0,0,0
326,322,68,319,325,28,65,63,67,0,0,0,0,0,0,0
272,278,128,127,270,280,0,0,0,0,0,0,0,0,0,0
101,99,34,285,221,24,0,0,0,0,0,0,0,0,0,0
307,97,85,305,81,306,197,107,105,104,80,0,0,0,0,0
29,14,18,229,252,19,15,3,232,31,233,0,0,0,0,0
181,291,111,297,166,0,0,0,0,0,0,0,0,0,0,0
152,246,242,0,0,0,0,0,0,0,0,0,0,0,0,0
120,125,105,265,178,106,119,0,0,0,0,0,0,0,0,0
276,175,77,273,76,78,212,0,0,0,0,0,0,0,0,0
85,168,241,29,171,31,0,0,0,0,0,0,0,0,0,0
301,287,299,294,118,104,110,20,23,45,53,0,0,0,0,0
70,20,29,75,55,51,21,0,0,0,0,0,0,0,0,0
6,17,10,278,308,271,277,0,0,0,0,0,0,0,0,0
123,119,124,40,181,62,56,175,0,0,0,0,0,0,0,0
256,130,151,259,90,89,93,88,0,0,0,0,0,0,0,0
252,255,222,104,7,0,0,0,0,0,0,0,0,0,0,0
202,272,206,275,199,109,0,0,0,0,0,0,0,0,0,0
218,64,67,68,216,0,0,0,0,0,0,0,0,0,0,0
115,172,287,108,171,295,285,289,0,0,0,0,0,0,0,0
235,169,238,28,32,265,0,0,0,0,0,0,0,0,0,0
98,105,99,251,162,155,260,0,0,0,0,0,0,0,0,0
135,146,133,54,42,263,249,142,0,0,0,0,0,0,0,0
256,109,105,260,264,166,192,259,180,179,99,194,0,0,0,0
51,45,152,213,148,141,279,271,280,274,43,0,0,0,0,0
303,297,284,291,52,47,18,29,24,32,48,0,0,0,0,0
232,70,76,118,114,234,238,75,235,233,102,74,245,0,0,0
15,2,16,85,253,261,247,86,130,3,127,82,0,0,0,0
155,201,240,140,144,196,157,241,147,197,158,154,237,0,0,0
21,124,120,119,125,321,319,66,27,64,63,65,0,0,0,0
287,116,36,100,219,216,115,35,38,301,300,0,0,0,0,0
212,214,107,145,134,112,221,151,149,193,186,111,108,0,0,0
221,145,143,138,0,0,0,0,0,0,0,0,0,0,0,0
23,38,52,45,47,44,18,30,0,0,0,0,0,0,0,0
82,81,86,85,231,232,233,53,55,50,42,21,33,0,0,0
185,286,296,301,292,8,7,11,0,0,0,0,0,0,0,0
254,161,157,275,154,155,279,277,276,109,98,116,261,252,0,0
193,188,194,200,197,201,242,170,245,181,237,241,183,0,0,0
64,65,68,305,306,48,46,49,0,0,0,0,0,0,0,0
6,107,4,60,56,62,295,290,285,10,103,0,0,0,0,0
177,212,208,214,168,165,184,182,189,174,0,0,0,0,0,0
238,297,284,288,300,20,32,235,321,0,0,0,0,0,0,0
179,178,173,9,17,137,147,130,127,126,0,0,0,0,0,0
206,91,90,87,202,89,293,302,175,0,0,0,0,0,0,0
103,18,249,104,117,30,234,32,98,27,255,260,263,0,0,0
192,16,76,6,238,241,240,70,193,5,73,188,237,4,0,0
13,229,272,231,1,144,17,3,232,233,148,139,277,0,0,0
50,61,62,45,43,48,59,201,196,202,199,0,0,0,0,0
197,169,173,55,42,17,49,203,6,13,206,46,0,0,0,0
149,175,150,19,146,18,138,178,23,249,260,29,179,172,0,0
75,77,142,140,191,184,4,8,73,74,139,0,0,0,0,0
151,295,300,299,152,132,3,15,5,0,0,0,0,0,0,0
258,121,188,67,187,195,120,119,261,256,124,63,0,0,0,0
81,238,147,246,242,141,252,235,134,82,263,250,85,86,0,0
52,241,54,240,130,47,245,237,93,88,51,0,0,0,0,0
231,167,168,166,326,319,161,157,155,158,229,0,0,0,0,0
24,213,32,218,219,36,37,220,189,26,25,35,182,40,0,0
305,301,294,290,308,265,304,269,297,247,248,262,0,0,0,0
77,15,8,76,32,26,6,0,0,0,0,0,0,0,0,0
137,152,158,157,161,231,233,154,229,0,0,0,0,0,0,0
273,150,140,222,209,190,192,278,213,212,0,0,0,0,0,0
46,266,214,265,45,53,221,211,0,0,0,0,0,0,0,0
22,33,289,109,104,295,51,54,0,0,0,0,0,0,0,0
308,60,56,149,145,293,285,0,0,0,0,0,0,0,0,0
11,179,254,277,274,260,248,272,9,13,0,0,0,0,0,0
114,102,97,126,130,129,90,16,89,91,0,0,0,0,0,0
182,240,241,234,188,181,0,0,0,0,0,0,0,0,0,0
82,5,86,83,249,253,322,321,0,0,0,0,0,0,0,0
203,122,119,139,120,110,202,199,143,0,0,0,0,0,0,0
251,67,65,68,217,216,136,0,0,0,0,0,0,0,0,0
77,263,70,231,229,248,0,0,0,0,0,0,0,0,0,0
152,183,115,99,0,0,0,0,0,0,0,0,0,0,0,0
299,271,279,301,173,170,130,0,0,0,0,0,0,0,0,0
232,155,157,161,31,90,89,88,0,0,0,0,0,0,0,0
237,165,234,6,245,16,0,0,0,0,0,0,0,0,0,0
295,300,23,31,111,148,141,301,0,0,0,0,0,0,0,0
120,125,121,62,56,307,15,10,4,8,0,0,0,0,0,0
252,258,192,64,67,63,128,129,127,261,190,189,184,65,0,0
199,203,200,181,172,176,254,0,0,0,0,0,0,0,0,0
201,279,272,276,196,284,106,103,109,0,0,0,0,0,0,0
2,162,77,78,20,75,18,26,34,155,16,154,157,76,0,0
55,48,46,174,39,214,219,208,168,209,0,0,0,0,0,0
105,255,238,110,54,116,49,237,45,44,250,264,0,0,0,0
182,195,275,280,277,274,213,216,217,222,185,188,263,248,0,0
232,92,87,91,93,233,229,231,80,83,235,0,0,0,0,0
308,104,275,271,64,117,276,306,303,0,0,0,0,0,0,0
12,4,2,248,190,261,182,192,191,211,0,0,0,0,0,0
138,14,144,121,238,11,16,151,122,0,0,0,0,0,0,0
23,269,257,27,110,116,107,267,0,0,0,0,0,0,0,0
53,67,68,65,259,248,256,66,99,98,112,114,0,0,0,0
232,233,105,249,254,261,231,57,60,61,253,0,0,0,0,0
177,181,124,33,125,19,18,29,169,106,0,0,0,0,0,0
280,272,273,270,74,78,75,0,0,0,0,0,0,0,0,0
279,274,126,128,127,206,192,194,183,197,0,0,0,0,0,0
325,306,324,298,296,285,322,303,161,157,295,0,0,0,0,0
24,265,21,32,23,141,148,216,269,214,0,0,0,0,0,0
182,185,101,111,31,25,255,247,191,0,0,0,0,0,0,0
195,284,288,179,186,81,187,0,0,0,0,0,0,0,0,0
241,245,107,264,115,251,0,0,0,0,0,0,0,0,0,0
201,200,3,6,46,47,196,0,0,0,0,0,0,0,0,0
90,35,93,286,301,300,287,89,45,55,44,0,0,0,0,0
92,93,90,182,272,277,279,0,0,0,0,0,0,0,0,0
197,199,321,0,0,0,0,0,0,0,0,0,0,0,0,0
269,19,31,27,252,0,0,0,0,0,0,0,0,0,0,0
177,206,196,202,173,179,0,0,0,0,0,0,0,0,0,0
47,44,49,103,101,98,0,0,0,0,0,0,0,0,0,0
262,131,152,0,0,0,0,0,0,0,0,0,0,0,0,0
17,9,0,0,0,0,0,0,0,0,0,0,0,0,0,0
298,180,170,302,286,301,0,0,0,0,0,0,0,0,0,0
293,292,260,248,255,97,0,0,0,0,0,0,0,0,0,0
294,299,291,242,33,21,0,0,0,0,0,0,0,0,0,0
46,54,50,42,70,280,274,76,0,0,0,0,0,0,0,0
13,149,143,2,21,20,0,0,0,0,0,0,0,0,0,0
105,130,173,127,0,0,0,0,0,0,0,0,0,0,0,0
100,13,173,172,114,2,104,59,58,118,0,0,0,0,0,0
299,300,237,217,221,235,287,0,0,0,0,0,0,0,0,0
191,291,297,302,44,26,33,187,28,54,42,292,0,0,0,0
262,194,189,183,220,209,218,195,166,169,167,0,0,0,0,0
9,7,5,47,46,152,145,52,174,0,0,0,0,0,0,0
77,70,78,161,157,214,213,91,162,155,90,88,219,76,0,0
232,124,120,233,231,259,247,123,267,119,265,0,0,0,0,0
306,296,289,192,186,185,305,298,288,188,0,0,0,0,0,0
277,278,280,273,105,106,86,82,83,85,117,0,0,0,0,0
177,178,301,295,175,170,0,0,0,0,0,0,0,0,0,0
245,238,23,264,260,263,261,271,272,27,0,0,0,0,0,0
45,48,50,55,131,141,326,322,138,319,0,0,0,0,0,0
28,15,16,180,170,27,84,83,0,0,0,0,0,0,0,0
263,262,63,65,251,50,43,0,0,0,0,0,0,0,0,0
291,11,1,34,19,26,31,286,301,298,117,98,0,0,0,0
220,87,77,76,23,90,213,0,0,0,0,0,0,0,0,0
37,41,126,182,130,186,183,0,0,0,0,0,0,0,0,0
120,123,233,231,122,173,179,121,171,151,138,0,0,0,0,0
248,305,4,2,7,304,110,308,0,0,0,0,0,0,0,0
60,61,279,280,206,203,278,146,147,140,0,0,0,0,0,0
195,234,191,240,193,237,254,249,0,0,0,0,0,0,0,0
139,134,270,131,45,55,44,46,274,0,0,0,0,0,0,0
150,137,162,184,141,192,189,187,0,0,0,0,0,0,0,0
257,264,258,3,17,8,218,222,224,199,0,0,0,0,0,0
123,125,167,174,274,16,6,7,120,0,0,0,0,0,0,0
187,106,102,127,75,74,0,0,0,0,0,0,0,0,0,0
58,265,217,221,209,203,196,59,60,0,0,0,0,0,0,0
252,3,109,117,15,0,0,0,0,0,0,0,0,0,0,0
272,279,277,275,22,32,300,0,0,0,0,0,0,0,0,0
169,171,257,248,10,1,231,0,0,0,0,0,0,0,0,0
28,144,148,152,139,212,213,216,173,214,172,0,0,0,0,0
82,83,324,5,4,12,319,0,0,0,0,0,0,0,0,0
170,165,181,63,64,51,53,48,219,166,218,0,0,0,0,0
307,113,107,206,201,158,157,197,0,0,0,0,0,0,0,0
192,191,24,25,88,91,93,39,193,183,0,0,0,0,0,0
33,98,101,290,184,190,182,26,0,0,0,0,0,0,0,0
136,151,144,150,158,155,161,40,39,38,36,0,0,0,0,0
233,231,229,232,172,166,255,252,257,0,0,0,0,0,0,0
80,81,86,319,325,324,326,127,128,130,0,0,0,0,0,0
138,152,145,208,221,216,219,2,10,17,199,206,196,201,0,0
241,240,246,235,254,262,259,261,300,296,302,284,0,0,0,0
277,278,272,98,116,101,118,276,293,291,299,295,0,0,0,0
141,142,131,134,179,165,170,298,297,285,0,0,0,0,0,0
26,25,30,31,192,188,187,183,5,12,103,0,0,0,0,0
249,250,264,89,90,91,87,114,105,117,110,197,203,0,0,0
288,289,301,290,120,123,125,121,76,70,75,74,222,217,0,0
308,266,234,242,304,237,245,46,44,55,0,0,0,0,0,0
35,52,36,161,232,53,39,158,0,0,0,0,0,0,0,0
263,254,286,32,200,249,203,18,296,206,289,23,0,0,0,0
276,117,148,114,135,13,10,101,17,4,138,275,0,0,0,0
235,256,264,242,238,140,134,16,261,15,136,2,0,0,0,0
31,28,260,253,257,255,193,21,274,277,194,189,0,0,0,0
284,103,132,149,150,297,106,98,294,222,214,0,0,0,0,0
308,9,307,11,6,306,211,141,218,0,0,0,0,0,0,0
122,192,290,3,123,121,124,188,288,0,0,0,0,0,0,0
301,78,70,202,77,129,196,130,287,300,0,0,0,0,0,0
50,266,45,51,61,59,30,58,265,26,269,0,0,0,0,0
185,35,193,0,0,0,0,0,0,0,0,0,0,0,0,0
169,179,148,141,326,139,231,233,171,0,0,0,0,0,0,0
65,14,142,99,12,116,134,0,0,0,0,0,0,0,0,0
2,8,1,248,263,264,5,110,113,26,21,23,0,0,0,0
192,174,157,47,46,158,51,178,181,180,189,154,185,0,0,0
129,127,91,89,220,87,234,240,237,241,130,93,218,209,0,0
119,13,50,165,177,167,43,122,42,6,176,120,15,121,0,0
271,279,270,170,273,206,196,285,293,166,302,0,0,0,0,0
289,258,20,295,294,31,214,212,224,27,217,252,18,298,0,0
183,194,74,75,36,41,54,187,49,188,77,78,40,37,0,0
44,0,0,0,0,0,0,0,0,0,0,0,0,0,0,0
289,202,197,73,77,286,82,83,84,81,200,290,0,0,0,0
100,103,9,179,181,110,0,0,0,0,0,0,0,0,0,0
14,241,5,240,258,220,254,8,238,0,0,0,0,0,0,0
24,251,249,43,51,49,29,28,0,0,0,0,0,0,0,0
158,155,53,50,45,191,0,0,0,0,0,0,0,0,0,0
140,138,141,59,256,143,263,60,0,0,0,0,0,0,0,0
245,114,109,293,297,242,246,301,113,0,0,0,0,0,0,0
127,124,122,98,128,116,117,120,123,99,0,0,0,0,0,0
91,21,32,90,89,183,0,0,0,0,0,0,0,0,0,0
289,300,174,0,0,0,0,0,0,0,0,0,0,0,0,0
130,83,168,179,127,0,0,0,0,0,0,0,0,0,0,0
89,202,90,254,264,88,0,0,0,0,0,0,0,0,0,0
277,213,112,103,101,220,219,114,270,273,0,0,0,0,0,0
321,324,45,53,51,181,175,169,0,0,0,0,0,0,0,0
37,41,155,299,294,162,39,40,276,295,298,0,0,0,0,0
6,7,180,167,0,0,0,0,0,0,0,0,0,0,0,0
108,12,5,4,106,261,0,0,0,0,0,0,0,0,0,0
291,233,232,296,0,0,0,0,0,0,0,0,0,0,0,0
109,139,149,137,118,189,105,116,307,0,0,0,0,0,0,0
59,322,237,321,201,199,0,0,0,0,0,0,0,0,0,0
53,47,0,0,0,0,0,0,0,0,0,0,0,0,0,0
27,24,259,288,141,148,286,20,0,0,0,0,0,0,0,0
1,8,52,263,0,0,0,0,0,0,0,0,0,0,0,0
167,181,0,0,0,0,0,0,0,0,0,0,0,0,0,0
208,131,136,63,68,54,213,0,0,0,0,0,0,0,0,0
264,192,271,255,190,270,189,258,0,0,0,0,0,0,0,0
165,29,299,181,170,172,294,284,289,0,0,0,0,0,0,0
56,265,61,57,161,155,267,0,0,0,0,0,0,0,0,0
257,297,292,249,235,53,42,0,0,0,0,0,0,0,0,0
248,293,298,184,193,263,188,253,0,0,0,0,0,0,0,0
105,199,201,82,306,83,0,0,0,0,0,0,0,0,0,0
144,141,222,217,218,110,219,0,0,0,0,0,0,0,0,0
288,191,45,183,187,321,302,325,0,0,0,0,0,0,0,0
73,18,19,22,196,206,202,75,78,0,0,0,0,0,0,0
280,237,272,261,259,273,274,0,0,0,0,0,0,0,0,0
120,122,92,13,121,8,12,0,0,0,0,0,0,0,0,0
126,12,306,77,73,76,5,0,0,0,0,0,0,0,0,0
293,297,253,209,255,301,299,0,0,0,0,0,0,0,0,0
1,16,31,195,0,0,0,0,0,0,0,0,0,0,0,0
90,120,124,0,0,0,0,0,0,0,0,0,0,0,0,0
183,261,182,247,262,171,0,0,0,0,0,0,0,0,0,0
257,286,30,0,0,0,0,0,0,0,0,0,0,0,0,0
13,117,17,97,48,43,260,0,0,0,0,0,0,0,0,0
25,206,233,203,273,199,0,0,0,0,0,0,0,0,0,0
4,298,162,65,0,0,0,0,0,0,0,0,0,0,0,0
271,279,266,277,265,276,81,287,292,0,0,0,0,0,0,0
322,176,150,59,321,319,0,0,0,0,0,0,0,0,0,0
98,106,118,145,249,322,326,144,141,252,260,0,0,0,0,0
162,7,12,8,3,29,20,31,161,157,158,0,0,0,0,0
188,254,54,55,84,82,85,255,264,253,0,0,0,0,0,0
256,240,235,245,246,105,265,259,250,0,0,0,0,0,0,0
173,172,174,272,277,279,278,289,284,214,0,0,0,0,0,0
147,109,241,199,206,202,116,138,131,242,0,0,0,0,0,0
22,18,25,24,108,16,5,114,110,17,9,308,0,0,0,0
270,276,274,130,15,13,229,231,128,127,0,0,0,0,0,0
14,4,2,43,53,51,218,212,41,0,0,0,0,0,0,0
74,78,76,197,196,201,0,0,0,0,0,0,0,0,0,0
120,123,125,45,44,42,115,102,33,19,27,0,0,0,0,0
132,150,146,135,295,293,302,57,61,60,193,183,184,189,0,0
246,288,154,269,237,297,302,265,238,267,0,0,0,0,0,0
2,56,272,58,275,61,15,299,0,0,0,0,0,0,0,0
196,308,255,274,270,305,201,206,248,0,0,0,0,0,0,0
208,82,219,242,75,76,245,240,85,0,0,0,0,0,0,0
257,185,48,43,165,193,187,253,178,0,0,0,0,0,0,0
102,11,103,256,170,262,14,168,0,0,0,0,0,0,0,0
218,33,213,17,3,4,140,32,0,0,0,0,0,0,0,0
123,252,184,92,122,247,88,261,249,89,192,0,0,0,0,0
229,128,126,231,233,166,324,232,325,0,0,0,0,0,0,0
290,216,217,203,200,35,197,286,295,289,40,0,0,0,0,0
113,67,64,118,180,68,177,191,175,169,0,0,0,0,0,0
136,149,25,117,139,291,97,105,138,0,0,0,0,0,0,0
101,201,107,202,196,197,125,124,119,0,0,0,0,0,0,0
86,85,141,133,138,231,232,0,0,0,0,0,0,0,0,0
209,221,118,0,0,0,0,0,0,0,0,0,0,0,0,0
70,272,273,270,213,0,0,0,0,0,0,0,0,0,0,0
50,58,184,62,0,0,0,0,0,0,0,0,0,0,0,0
195,253,252,64,193,0,0,0,0,0,0,0,0,0,0,0
187,90,87,189,89,0,0,0,0,0,0,0,0,0,0,0
140,275,146,278,55,47,43,49,0,0,0,0,0,0,0,0
51,46,54,0,0,0,0,0,0,0,0,0,0,0,0,0
261,13,6,175,0,0,0,0,0,0,0,0,0,0,0,0
157,25,29,0,0,0,0,0,0,0,0,0,0,0,0,0
8,10,97,102,188,194,112,0,0,0,0,0,0,0,0,0
1,12,249,251,302,299,0,0,0,0,0,0,0,0,0,0
260,178,26,30,0,0,0,0,0,0,0,0,0,0,0,0
324,326,304,162,82,81,86,83,158,161,0,0,0,0,0,0
49,169,138,133,145,60,61,175,166,0,0,0,0,0,0,0
229,233,125,231,237,123,197,203,199,206,0,0,0,0,0,0
126,196,202,37,87,93,201,0,0,0,0,0,0,0,0,0
47,46,48,272,277,174,0,0,0,0,0,0,0,0,0,0
275,276,45,53,173,167,0,0,0,0,0,0,0,0,0,0
294,287,146,0,0,0,0,0,0,0,0,0,0,0,0,0
136,293,214,245,151,0,0,0,0,0,0,0,0,0,0,0
70,77,73,147,74,256,63,254,0,0,0,0,0,0,0,0
64,276,67,65,267,167,275,265,0,0,0,0,0,0,0,0
191,280,12,193,273,190,14,274,15,0,0,0,0,0,0,0
47,179,55,54,48,116,104,109,211,222,221,106,0,0,0,0
113,134,199,145,174,166,173,197,201,117,100,115,171,0,0,0
197,128,201,66,307,304,63,305,199,0,0,0,0,0,0,0
4,16,12,271,42,1,44,191,189,0,0,0,0,0,0,0
57,61,58,107,265,116,249,256,264,250,0,0,0,0,0,0
6,15,47,257,263,235,237,13,241,8,0,0,0,0,0,0
86,324,120,290,325,119,124,295,299,0,0,0,0,0,0,0
286,301,114,118,36,41,134,287,292,103,0,0,0,0,0,0
240,29,181,170,302,28,26,174,166,242,297,0,0,0,0,0
113,117,232,172,31,21,33,231,99,100,175,0,0,0,0,0
200,97,161,104,178,202,203,110,154,0,0,0,0,0,0,0
32,20,276,247,255,184,34,0,0,0,0,0,0,0,0,0
27,25,106,109,111,89,91,77,78,22,93,0,0,0,0,0
288,294,11,293,169,0,0,0,0,0,0,0,0,0,0,0
126,185,128,192,190,169,259,0,0,0,0,0,0,0,0,0
175,220,150,134,171,116,132,97,144,222,218,173,0,0,0,0
140,145,25,257,53,48,42,247,21,26,0,0,0,0,0,0
193,137,30,280,279,272,33,27,191,186,0,0,0,0,0,0
131,117,106,118,304,141,152,138,297,293,0,0,0,0,0,0
321,91,254,112,98,92,324,256,325,100,0,0,0,0,0,0
246,240,285,292,290,10,12,300,4,263,241,11,0,0,0,0
120,119,161,242,155,234,238,235,125,154,0,0,0,0,0,0
59,61,56,58,78,76,77,265,24,0,0,0,0,0,0,0
31,22,19,194,201,202,197,200,274,276,275,183,0,0,0,0
212,219,84,83,81,206,199,196,86,203,0,0,0,0,0,0
287,139,178,295,289,43,55,45,294,52,166,0,0,0,0,0
221,91,89,93,184,298,297,182,190,193,218,0,0,0,0,0
118,98,203,270,271,197,200,206,269,279,274,104,0,0,0,0
132,20,52,45,49,165,133,175,137,139,176,0,0,0,0,0
66,253,168,64,68,170,158,161,258,257,0,0,0,0,0,0
172,177,12,174,233,124,232,119,120,231,13,0,0,0,0,0
191,48,237,6,9,238,235,54,55,0,0,0,0,0,0,0
166,76,78,77,181,212,216,70,173,8,0,0,0,0,0,0
301,262,288,150,263,260,256,42,53,302,144,0,0,0,0,0
308,307,99,110,325,324,326,321,0,0,0,0,0,0,0,0
202,37,38,199,300,287,25,32,0,0,0,0,0,0,0,0
135,217,211,186,194,61,59,56,62,219,0,0,0,0,0,0
241,245,249,250,248,254,272,82,80,84,273,0,0,0,0,0
